Position	Phoneme/s	FrequencyData	TransitionalProbability	Z-TransformedTransitionalProbability	Occurences

0	a	20993,162233328	0,0371689794269191	0,677380774521667	33680
0	ɑ	76,5887781083248	0,000135602568407814	-0,751097262764313	108
0	ɑː	7294,73132895869	0,0129155253352218	-0,258140893693447	13016
0	a͡u	547,044993171694	0,000968558422538063	-0,718967890706243	994
0	a͡uː	117,113238874932	0,000207352256795862	-0,748329682199462	162
0	b	41083,7402758161	0,0727399083625631	2,04944821910172	61022
0	ɔ	6030,83298931803	0,0106777580631125	-0,344457661753196	8709
0	ɕ	7497,94841032324	0,0132753268473754	-0,244262371087816	10414
0	d	19118,5226041066	0,0338498776624027	0,549353994996722	29683
0	e	102,42553962464	0,000181347275497896	-0,749332765034335	195
0	e̞	6079,64432432737	0,0107641798935446	-0,341124136776903	10129
0	eː	3577,73359744945	0,00633447715025422	-0,511989815720288	4938
0	e͡ʉ	237,393773130758	0,00042031229842866	-0,740115234366249	330
0	e͡ʉː	10,2770234732079	1,81957567802339E-05	-0,755625962711891	5
0	ɛ	49,3822947268004	8,74327305412114E-05	-0,752955304382148	96
0	ɛ̝	5591,14522640512	0,0098992786119304	-0,37448573083101	7752
0	ɛː	812,350831596261	0,00143828981129421	-0,700849073866353	1104
0	f	43570,2392734909	0,0771423242093241	2,2192613682543	61937
0	ɡ	17286,0422111217	0,0306054200018528	0,424206441515254	26881
0	h	25604,1675607018	0,0453328930024778	0,992285118393462	36611
0	ɧ	10808,6990218578	0,0191371031724507	-0,0181577203603297	16354
0	i	91,3968403964592	0,000161820655822316	-0,7500859598471	138
0	ɪ	14209,8725097071	0,0251589757227688	0,214122277068197	21744
0	iː	1788,54930187326	0,00316667643809368	-0,634180502276063	2797
0	ʝ	15462,4854341067	0,0273767618523395	0,299668318132535	22334
0	k	38384,5097637472	0,0679608454345243	1,86510676794016	55309
0	l	22824,0566500633	0,0404106290722716	0,802420015222118	31542
0	m	27816,4141230554	0,0492497372610743	1,14336845114627	36225
0	n	13971,0089138018	0,024736061062111	0,197809308723346	20098
0	o	124,302874253268	0,000220081706818411	-0,74783867270137	212
0	ɵ	8299,97483537917	0,014695337008847	-0,189488718225019	12094
0	oː	3496,47947788286	0,00619061446463517	-0,517538990659883	4671
0	p	27226,6479845877	0,0482055398589029	1,10309091822532	38217
0	r	23725,8184128009	0,0420072234316467	0,864005000721429	33974
0	s	70923,534105837	0,125572095845531	4,08732933832919	100108
0	ʂ	454,264520304964	0,00080428800682487	-0,72530424728314	416
0	t	30463,4417431191	0,0539363735123978	1,32414475408353	43100
0	ʈ	5,21981497118244	9,24182803523488E-06	-0,755971340088859	14
0	u	54,8105763024458	9,70436545157032E-05	-0,752584584912842	66
0	ʉ	349,311809768294	0,000618466304721132	-0,732471895572963	510
0	ʉ̞	83,3745025495492	0,000147616882847408	-0,750633837990073	161
0	ʊ	1498,1071258462	0,00265244046232816	-0,654015982042595	2066
0	uː	7464,71051347477	0,0132164782236938	-0,246532322509604	10596
0	ʉː	7786,67348583471	0,0137865226487723	-0,224544159112759	11626
0	v	24558,7775218694	0,0434820007731602	0,920891172627596	33585
0	y	0,602059991327962	1,06596401164917E-06	-0,756286705394004	2
0	ʏ	1054,88216100747	0,00186769829645122	-0,684285621054189	1600
0	yː	255,175499126809	0,000451795340400922	-0,738900847836601	341
0	ø	149,401405146122	0,000264519355993597	-0,746124591748993	172
0	ø̞	1020,52129679451	0,00180686142772092	-0,686632264493444	1294
0	øː	4769,78908197619	0,00844504464302476	-0,430579488999312	6687
1	a	55095,2798461889	0,0975593404346495	4,29483180529091	81709
1	ɑ	603,57157279702	0,00106876750080169	-0,625391719594149	856
1	ɑː	18779,7316679698	0,0332539963528938	1,01578954129898	25676
1	a͡u	124,400681761323	0,000220281092974518	-0,668657529480039	226
1	a͡uː	428,622086439634	0,000758977686754894	-0,641188445476249	489
1	b	1509,45982048742	0,00267285881677109	-0,54359629037323	2329
1	bː	120,754455709454	0,000213824579645443	-0,668986758417173	181
1	ɔ	29644,322360545	0,0524923468072184	1,99678676835707	43187
1	ɕ	116,404721288262	0,000206122336869255	-0,669379509283392	144
1	d	3066,35625710271	0,00542971548226547	-0,403019334429553	4573
1	dː	208,96946060442	0,000370030296687237	-0,661021554974578	278
1	ɖ	715,340673970406	0,00126668136605277	-0,615299744532741	1056
1	e	930,342990904806	0,00164739427450154	-0,595886525692583	1639
1	e̞	26674,701316212	0,0472339241032266	1,72865057323148	39987
1	eː	16448,1516905842	0,0291253776146026	0,805264031668643	24189
1	e͡ʉ	35,5514861833775	6,29523899906604E-05	-0,676679995945147	59
1	e͡ʉː	8,63006091919189	1,52815822614511E-05	-0,679110814029317	18
1	ɛ	254,674821978248	0,000450962545736634	-0,656894677668464	285
1	ɛ̝	31352,5296616982	0,0555171354659094	2,1510260464936	42400
1	ɛː	12960,63007888	0,0229498883687125	0,490365005355116	18239
1	f	1769,33171218109	0,00313302401462321	-0,520131659964644	2759
1	fː	1445,8930302709	0,0025602986456569	-0,54933593088983	2345
1	ɡ	1728,9661202665	0,00306154710163837	-0,523776393103448	2532
1	ɡː	312,560815258816	0,000553463510258868	-0,651667973736345	413
1	h	361,148486319505	0,000639499576418617	-0,647280843845449	539
1	ɧ	192,263297504684	0,000340448048303093	-0,662530005696686	325
1	ɧː	45,004512384631	7,96912286694071E-05	-0,675826453206802	54
1	i	911,847580670479	0,00161464373709495	-0,597556533028025	1605
1	ɪ	32518,0924580801	0,0575810425368533	2,25626828741798	45476
1	iː	13196,6212456653	0,0233677670444221	0,511673371843763	17875
1	ʝ	3073,56120087643	0,00544247355454308	-0,402368777950885	4726
1	ʝː	267,127176142745	0,000473012410308309	-0,655770316406142	286
1	k	13099,2957486152	0,0231954290269696	0,50288555411277	19739
1	kː	1504,08806244896	0,00266334683729355	-0,544081322887501	2389
1	l	25790,471654257	0,0456681844817217	1,64881076416687	37989
1	ɭ	268,173282090813	0,000474864790523152	-0,655675860290555	373
1	lː	3890,78340433355	0,00688956048069004	-0,328579277898241	5850
1	m	6254,96427858881	0,0110759068864885	-0,115110133267405	9551
1	ɱ	1265,19516548718	0,00224032995586235	-0,565651695496525	1969
1	mː	3564,99354302113	0,0063126717875267	-0,35799584402526	5336
1	ɱː	1379,76491813444	0,00244320304287147	-0,555306841020921	1981
1	n	12430,0516314065	0,022010372614752	0,442457449475995	18416
1	ɳ	274,951053049293	0,000486866451394508	-0,655063874555975	403
1	nː	10101,3137976973	0,0178867865700648	0,232188565718125	14819
1	ŋ	782,280607333758	0,0013852144920465	-0,609255532572342	1427
1	ŋː	3101,04979174361	0,00549114866431595	-0,399886748744312	4384
1	o	229,094171505423	0,000405665899726572	-0,659204433083119	359
1	ɵ	17676,9570771251	0,0313012707830946	0,916216640091756	25067
1	oː	11255,3741109975	0,0199303257498582	0,33639221215452	15535
1	p	8766,87898945099	0,0155238513039405	0,111698352729793	13081
1	pː	4884,33663028544	0,008648883560293	-0,23886830882699	6985
1	r	46680,019241231	0,0826581133876617	3,53499210658265	68536
1	rː	3035,75196770398	0,00537552328473881	-0,405782689615751	4367
1	s	4219,14827950438	0,00747100885036898	-0,298930205869601	6231
1	ʂ	864,034799735636	0,00152997979881618	-0,601873695712034	1278
1	sː	1474,62187116648	0,00261116991406773	-0,546741915703007	1883
1	ʂː	80,2316910016714	0,00014206935472388	-0,672645683169693	78
1	t	24552,3920126015	0,0434758690314203	1,53702075479532	35110
1	ʈ	664,998656589393	0,00117753881109067	-0,619845279735373	1123
1	tː	801,461792136444	0,00141917935697376	-0,607523604547112	1187
1	ʈː	230,384172747944	0,000407950154761335	-0,659087954913105	331
1	u	393,227061741656	0,000696302349160765	-0,644384370850971	524
1	ʉ	3212,12135813352	0,00568782737777915	-0,389857756238596	4743
1	ʉ̞	801,263372629777	0,00141882800788807	-0,607541520453136	1152
1	ʊ	11346,4441670995	0,0200915870163672	0,344615206930124	15804
1	uː	12370,5345824639	0,021904983476959	0,437083472523947	17002
1	ʉː	10589,7348181044	0,0187516525393159	0,276289598165087	14729
1	v	18146,1056706925	0,0321320103216187	0,95857750599003	28580
1	vː	32,4030294956019	5,73772961041431E-05	-0,676964279759201	18
1	y	263,18618155243	0,000466033938940871	-0,656126160898985	479
1	ʏ	9486,77129577617	0,01679859242124	0,176699637754554	13575
1	yː	5635,65877114591	0,00997927869978455	-0,171029127612813	7666
1	ø	275,379543599402	0,000487625196164801	-0,655025184829563	354
1	ø̞	15739,5674255021	0,0278706600827783	0,741283784381686	21507
1	øː	12419,7806801191	0,0219921854445257	0,44153005377217	17437
2	a	24117,4620224434	0,0427746265278025	2,06902868810161	35282
2	ɑ	291,742796507806	0,000517433764431145	-0,866129040674863	516
2	ɑː	8656,7084606646	0,0153535007547814	0,164374734983371	12108
2	a͡u	52,1126534277332	9,24267771488443E-05	-0,895649755656833	84
2	a͡uː	169,819635001394	0,000301191371526266	-0,881149099730325	229
2	b	10149,2497622626	0,0180006655639874	0,348245118721239	15802
2	bː	1663,43649391262	0,00295026378453983	-0,697146215045447	2155
2	ɔ	9203,00340553934	0,0163224071106532	0,23167435412331	13722
2	ɕ	943,1742424548	0,00167280976472995	-0,785877358649752	1407
2	d	23558,8517025745	0,0417838776760065	2,00021190308918	34692
2	dː	2104,42018022949	0,00373239054686266	-0,642820187659532	2787
2	ɖ	6124,40667376199	0,0108622212374903	-0,147586683303249	8781
2	e	464,196296661744	0,000823296547821555	-0,844884006305433	727
2	e̞	16192,3385935179	0,0287186618270573	1,09271032124211	23306
2	eː	5923,60894064011	0,0105060872448701	-0,172323523887349	8537
2	e͡ʉ	3,66351247041516	6,49758990212682E-06	-0,901618342341874	8
2	e͡ʉː	2,89209460269048	5,12940650214509E-06	-0,901713375490511	3
2	ɛ	117,389501271986	0,000208201512684935	-0,887608116172907	211
2	ɛ̝	11383,0184919978	0,0201888724568601	0,500236577542052	15804
2	ɛː	5128,69855361547	0,00909623761407531	-0,270250782411417	7430
2	f	6364,21750444888	0,011287548691532	-0,118043708904025	9965
2	fː	4074,63349701144	0,00722675238008648	-0,400104037550792	6005
2	ɡ	12726,3052854891	0,0225713201148204	0,665719876345777	18778
2	ɡː	2946,78214818996	0,00522640009675656	-0,539047234690493	3938
2	h	3070,31047867166	0,0054454894104265	-0,523829430329669	4376
2	ɧ	2035,81655763392	0,00361071545798934	-0,65127166193294	3538
2	ɧː	142,978402911381	0,000253585878165151	-0,88445574701647	200
2	i	246,63600980057	0,000437432562253413	-0,871685873287911	381
2	ɪ	14286,132035647	0,0253378221051207	0,857879344769912	21019
2	iː	5986,52016629283	0,0106176663230997	-0,164573312090998	8070
2	ʝ	3739,05269367932	0,00663156771600062	-0,441445185710428	5719
2	ʝː	3801,30374652558	0,00674197591459065	-0,433776302469024	4195
2	k	18350,7892587857	0,0325468806089341	1,35861596263183	27200
2	kː	13002,4476236956	0,0230610849737557	0,69973863189911	17809
2	l	27193,1323873587	0,0482296222093321	2,44792921811889	38950
2	ɭ	2405,80778929531	0,00426693030921	-0,605691395797331	3084
2	lː	22870,8604725683	0,040563659400529	1,91545631787751	32618
2	ɭː	4,03261876085072	7,15223522540965E-06	-0,901572871094151	4
2	m	11589,9032174407	0,0205558023127831	0,525723291923725	17147
2	ɱ	1293,57050893281	0,00229427107029293	-0,742711051688164	2197
2	mː	13460,3484206578	0,0238732158504877	0,756148725985726	18904
2	ɱː	147,879555647244	0,000262278541499176	-0,883851960150849	264
2	n	20013,9407146745	0,0354966388512654	1,5635042937494	29281
2	ɳ	4902,44903311807	0,00869496244124141	-0,298123100658039	6985
2	nː	18956,7422695457	0,0336215962529159	1,43326502761668	26192
2	ɳː	250,430938097218	0,000444163230697624	-0,871218365339277	328
2	ŋ	2247,05428497864	0,00398536577929363	-0,625248688937014	3827
2	ŋː	8687,97505524046	0,0154089550519431	0,168226555188737	12000
2	o	306,536806835814	0,000543672357283085	-0,864306524706212	497
2	ɵ	5853,91235084314	0,0103824736740868	-0,180909643881126	8312
2	oː	6708,32863708403	0,0118978627108442	-0,0756516853544219	10250
2	p	8361,46241439871	0,0148298536417028	0,128002539610368	13422
2	pː	3913,14827081238	0,00694034288003235	-0,419997859234271	5300
2	r	35971,6106870486	0,0637990934249276	3,52937478473092	50965
2	rː	11615,1580051151	0,0206005940951774	0,528834500635965	16595
2	s	30204,2873932869	0,0535701937286752	2,81888191861798	45569
2	ʂ	5498,88517157878	0,00975279900159757	-0,224646446084737	8125
2	sː	13556,9055209962	0,0240444691068106	0,768043868232605	17989
2	ʂː	2845,76963889771	0,00504724474634734	-0,551491251365948	4161
2	t	25695,5072791682	0,0455734407827004	2,26343254587027	37890
2	ʈ	3248,37279220552	0,00576129996101426	-0,501893430378666	4774
2	tː	9713,90855780665	0,0172285462831345	0,294614204632282	13097
2	ʈː	2920,01355681426	0,00517892343865277	-0,542344933161619	4508
2	u	231,994952815187	0,000411465246789655	-0,873489546501743	347
2	ʉ	1145,84045022204	0,0020322576759149	-0,760910335390186	1890
2	ʉ̞	265,120674558993	0,000470216883870563	-0,869408695163086	452
2	ʊ	7276,37294218636	0,0129053436381237	-0,00567270102249807	11262
2	uː	6646,03426932018	0,0117873776891034	-0,0833259046830155	9544
2	ʉː	4007,12137184286	0,00710701316633766	-0,408421047169498	5600
2	v	13440,8935697102	0,0238387108108339	0,75375202788065	19374
2	vː	326,623830440068	0,000579298615631809	-0,86183194746382	391
2	y	82,8116650332277	0,000146874411604564	-0,891867857602667	136
2	ʏ	3200,37527061832	0,00567617176393274	-0,507806380796357	4529
2	yː	2962,76152747146	0,00525474105486718	-0,537078689768328	4428
2	ø	196,319847343177	0,000348192033734103	-0,877884463631343	335
2	ø̞	2806,35883542272	0,00497734591544072	-0,556346379696806	3952
2	øː	3775,67811821626	0,00669652641084719	-0,43693319608779	5259
3	a	43046,6837109115	0,0773518872696402	3,41294530711209	54081
3	ɑ	1619,42099466715	0,00290998654072461	-0,55568753639186	2762
3	ɑː	7043,89133202993	0,0126573812727103	-0,036036231237452	9945
3	a͡u	43,3543583700333	7,79047571656802E-05	-0,706670956638616	89
3	a͡uː	76,4449599010701	0,00013736625939203	-0,703500956029431	95
3	b	12447,2935262604	0,0223669180214075	0,481596796113776	19305
3	bː	1042,61521828933	0,00187350680420208	-0,610944152406661	1488
3	ɔ	8939,69551542954	0,0160640091203851	0,145577282516178	14240
3	ɕ	1539,90963550468	0,00276711017580194	-0,56330453473339	2426
3	d	22607,5473157687	0,0406241852021955	1,45492484734337	32496
3	dː	1253,08754751941	0,00225171089521449	-0,590781405856097	1616
3	ɖ	1029,83251662174	0,00185053718115208	-0,612168704702432	1438
3	e	3080,08064801083	0,0055346900278393	-0,41575982953017	4353
3	e̞	44948,0066210557	0,0807684318842346	3,59508750170961	63084
3	eː	6284,19473284237	0,0112922594878563	-0,108813351349996	8074
3	e͡ʉ	41,8467403015767	7,51956726828872E-05	-0,706815382849513	55
3	ɛ	290,279684595296	0,000521612340459818	-0,683016100022511	617
3	ɛ̝	11175,6776122561	0,0200819129443402	0,359779028060737	15980
3	ɛː	2684,71535389763	0,00482424617887863	-0,453634880608164	3999
3	f	10374,5051614878	0,0186422619479579	0,283028620407498	16920
3	fː	1507,76368272096	0,00270934614146657	-0,566384040248322	2183
3	ɡ	9962,9581488356	0,0179027406797781	0,243603399334011	14863
3	ɡː	1408,41082250917	0,00253081598349597	-0,575901807010594	2017
3	h	6253,66566619278	0,0112374008850941	-0,111737963034261	9831
3	ɧ	3422,49464837141	0,00614998409632813	-0,382957385950577	5466
3	ɧː	6,2380983157428	1,12094274424666E-05	-0,710226605721406	5
3	i	841,298738475794	0,00151175513578935	-0,630229790446495	1334
3	ɪ	28115,2232121668	0,0505210945185318	1,9825470463657	41189
3	iː	7569,5964764298	0,0136020367388498	0,0143250662577416	10578
3	ʝ	8428,33519922124	0,01514513030967	0,096590185307531	12637
3	ʝː	1073,78038968878	0,00192950844281886	-0,607958603406321	1326
3	k	26383,7320708923	0,0474097257434664	1,81667432968235	39381
3	kː	6571,75647806417	0,0118089878808921	-0,0812656228302673	9782
3	l	21534,7780230519	0,0386964936300912	1,35215611078117	31301
3	ɭ	1508,42111852259	0,00271052750773292	-0,566321059468425	2292
3	lː	4355,48708603223	0,00782650641210115	-0,293578938327736	6022
3	m	13896,0685699303	0,0249702656941254	0,62038598574814	21319
3	ɱ	562,920107439075	0,00101152815824007	-0,656897798555773	965
3	mː	5116,71397749273	0,00919437802540143	-0,22065521986965	7175
3	ɱː	123,336817694997	0,00022162765621179	-0,699008828026465	213
3	n	18124,2312326248	0,0325679790008892	1,02543387234835	26155
3	ɳ	1102,1929642392	0,0019805638569461	-0,605236746611156	1583
3	nː	6762,21828315047	0,0121512344561485	-0,0630198367092802	9746
3	ɳː	137,287114022296	0,000246695365402447	-0,697672422950408	213
3	ŋ	892,751868758774	0,00160421282103283	-0,625300703431	1410
3	ŋː	2852,49275088409	0,0051257304554665	-0,437562206614741	4060
3	o	723,914257455295	0,00130082341328824	-0,641474943424293	1229
3	ɵ	5443,26002896174	0,00978115849683586	-0,189372887902583	8538
3	oː	3716,49934726982	0,0066782900275971	-0,354792437853845	5244
3	p	11913,9093317573	0,0214084638379984	0,430499863955598	18667
3	pː	2381,01822900333	0,00427852363433374	-0,48272833997063	3046
3	r	24377,7315082066	0,0438050826905948	1,62450426593251	36814
3	rː	2663,40773648616	0,0047859578770186	-0,45567609947544	3889
3	s	40108,6894364947	0,0720725165418105	3,13149247129862	60619
3	ʂ	5279,67709330956	0,00948721137461894	-0,205043742516192	8030
3	sː	4965,20577793082	0,00892212836148671	-0,235169343599234	6891
3	ʂː	279,452116070419	0,000502155955257994	-0,684053355231899	352
3	t	38073,3963159438	0,0684152368061911	2,93651625045338	55802
3	ʈ	2856,91087860398	0,00513366952272721	-0,437138960529282	3954
3	tː	5849,44799090759	0,0105110499247963	-0,150461051089814	8103
3	ʈː	1393,04772954849	0,00250320957732568	-0,577373554630493	2066
3	u	483,421868101575	0,000868675368727496	-0,664513540049401	857
3	ʉ	3704,58205708143	0,00665687548859561	-0,355934085796437	6003
3	ʉ̞	392,812840899659	0,000705857268620106	-0,673193668488842	619
3	ʊ	11195,0472709724	0,0201167188696362	0,3616345951127	16545
3	uː	2850,39470698254	0,00512196041695552	-0,437763194210564	4065
3	ʉː	2649,25461058381	0,00476052569723296	-0,457031935140447	4027
3	v	17592,8857039633	0,0316131881577601	0,974532239509638	27276
3	vː	119,1198021535	0,000214049973504087	-0,699412808045472	155
3	y	261,038989622674	0,000469068851711697	-0,685817288776643	560
3	ʏ	2660,83147387282	0,00478132851284778	-0,455922899281906	3751
3	yː	1500,10759325845	0,00269558868286632	-0,567117475336753	2270
3	ø	575,954748024656	0,00103495049794799	-0,655649111113266	1060
3	ø̞	1810,91456904992	0,00325408713342049	-0,537342909236046	2681
3	øː	2599,46321351566	0,00467105403063772	-0,461801832082036	3426
4	a	44441,1082136106	0,082540363925226	3,64045270933911	55772
4	ɑ	2580,28844410721	0,00479236355189354	-0,43893394143438	4262
4	ɑː	10451,4728486848	0,0194114955085855	0,328122336073187	15662
4	a͡u	94,5760636083894	0,000175655896593078	-0,68116956793438	152
4	a͡uː	51,4308687992352	9,55224295324684E-05	-0,685374118459636	80
4	b	10043,2223911339	0,0186532529108328	0,288337843655795	16915
4	bː	123,124478927434	0,000228678800040855	-0,67838749092312	203
4	ɔ	9765,6287558166	0,0181376789163167	0,261286013890198	15203
4	ɕ	1331,18856575934	0,00247241333728092	-0,560660209512085	2330
4	d	15287,506649611	0,0283934495130739	0,799399579061151	21623
4	dː	510,739095839907	0,000948594500362973	-0,640613985707883	663
4	ɖ	1797,75301126078	0,00333896236529246	-0,515192949645123	2655
4	ɖː	2,43616264704076	4,52467905393507E-06	-0,690148710819182	2
4	e	1033,19560336114	0,00191895172139865	-0,589699977952485	1866
4	e̞	31615,3942543749	0,0587191960842327	2,39057163677439	43420
4	eː	7658,68810718369	0,0142244630921048	0,0559621429452046	11081
4	e͡ʉ	26,6162386791882	4,9434276398806E-05	-0,687792333664522	35
4	ɛ	890,75644487252	0,0016543998132342	-0,603580843279188	1658
4	ɛ̝	14004,6673030511	0,026010835064899	0,674385359696629	21106
4	ɛː	3684,48951923427	0,00684319356606722	-0,331328233986561	5937
4	f	8222,16775219803	0,0152710124882267	0,110873904217704	14558
4	fː	844,544055145973	0,00156856965239417	-0,608084295595431	1327
4	ɡ	10480,1679437546	0,0194647908399832	0,330918707200523	15741
4	ɡː	717,218114502789	0,00133208748756392	-0,62049235987647	1040
4	h	4766,44058881192	0,00885269869818444	-0,225890816030388	7575
4	ɧ	3883,18280703219	0,00721222613396609	-0,311965336883633	6270
4	ɧː	7,02599494516633	1,30493635965004E-05	-0,689701426205327	17
4	i	1034,25403090103	0,00192091753633538	-0,589596832930461	1846
4	ɪ	28699,3845164603	0,053303298176825	2,10640302125577	43379
4	iː	6945,45166889803	0,0128997707622498	-0,0135435958627921	11089
4	ʝ	3644,83417270278	0,00676954178586054	-0,335192694648419	5930
4	ʝː	821,116378867555	0,0015250574853112	-0,610367350499637	1169
4	k	20506,0940175653	0,0380859193420466	1,30795712193653	31621
4	kː	3053,77718517776	0,00567177305749384	-0,392791900732589	4612
4	l	27592,2960609595	0,0512471054379934	1,998515935158	43574
4	ɭ	1517,72944537236	0,00281887526654205	-0,542481579033585	2235
4	lː	4986,44410174799	0,0092613106962311	-0,204451212154104	7155
4	m	12039,6213569432	0,0223611599320933	0,482889296197428	20048
4	ɱ	900,294925653378	0,00167211561076025	-0,602651306987726	1633
4	mː	2483,87372991657	0,00461329273397445	-0,448329669950284	3218
4	ɱː	3,70926996097583	6,88921822120735E-06	-0,690024644997967	10
4	n	28681,6855707116	0,0532704259672444	2,10467823795201	39195
4	ɳ	3977,85211907271	0,007388055220649	-0,302739699882196	4845
4	nː	5182,01033539656	0,00962453539394229	-0,185393050195478	7019
4	ɳː	34,9184326019422	6,48539213020815E-05	-0,686983274997083	58
4	ŋ	4052,11500678176	0,00752598350425931	-0,295502693191063	6560
4	ŋː	2711,306242406	0,00503570259511192	-0,426166101235913	4114
4	o	1177,94888195554	0,00218780163929724	-0,575593598870442	2132
4	ɵ	5988,32803842803	0,0111221073340405	-0,106816431482788	10104
4	oː	4430,08014175036	0,00822797724486096	-0,258669541462582	6583
4	p	8513,53404787317	0,0158121664118637	0,139267896108145	13710
4	pː	855,760605948587	0,00158940212535554	-0,606991229385456	1247
4	r	42086,8502543444	0,0781678062518739	3,41102747246153	61482
4	rː	1836,4881075253	0,00341090496688072	-0,511418168465776	2806
4	s	35304,9287845231	0,0655717597369961	2,75012116286415	53601
4	ʂ	5584,58198774554	0,0103722307603843	-0,146161964095997	9280
4	sː	3402,00867538515	0,00631854257084136	-0,358856328033511	5212
4	ʂː	391,868204431804	0,000727815878241757	-0,652198095389582	631
4	t	34186,4882899911	0,0634944828832406	2,64112780706747	50092
4	ʈ	2836,54518653572	0,00526830858631247	-0,413961417246138	4488
4	tː	3068,71921681056	0,00569952485708501	-0,391335781986852	4082
4	ʈː	409,217631045244	0,000760038926768903	-0,650507373141066	682
4	u	674,571655127179	0,00125288032063041	-0,624648308040829	1127
4	ʉ	3177,49967123987	0,00590156253475472	-0,380734997384271	5155
4	ʉ̞	393,180376446339	0,000730252972183961	-0,652070222666853	679
4	ʊ	10149,7853153225	0,0188511719748938	0,298722527300222	15762
4	uː	4362,96842490285	0,00810333081377704	-0,265209658051931	6412
4	ʉː	3579,32915311565	0,00664787946975307	-0,341576236679697	5584
4	v	9572,95055103303	0,0177798181477046	0,242509293777762	15394
4	vː	39,3045096018932	7,30001716169902E-05	-0,686555846579259	65
4	y	361,873272363405	0,000672106362697322	-0,655121137177689	626
4	ʏ	3121,2755044259	0,00579713752429119	-0,386214109279706	5050
4	yː	1591,86842598302	0,00295657341779506	-0,535256647236492	2564
4	ø	902,893019298301	0,00167694104386901	-0,602398119673409	1606
4	ø̞	2764,71188419023	0,00513489276578322	-0,420961657955295	4551
4	øː	4467,31531629252	0,008297134045424	-0,255040929438191	6683
5	a	40882,5587395434	0,0814270438725258	3,5931277289557	57644
5	ɑ	2015,47299278925	0,00401427926400808	-0,513774171568633	3607
5	ɑː	10016,3900699475	0,0199499507568997	0,331645054462818	15790
5	a͡u	30,607554483456	6,09620033235457E-05	-0,723505554414693	56
5	a͡uː	63,8728041711279	0,000127217419551411	-0,71999057214785	84
5	b	7334,89961285312	0,014609144118924	0,0483045867407546	12782
5	bː	318,991872258911	0,000635345878003516	-0,693033341744301	542
5	ɔ	8762,99791651671	0,01745353123196	0,199205008647003	14037
5	ɕ	946,853186136795	0,00188587647900394	-0,626690193713294	1741
5	d	19320,1491517881	0,0384805325573897	1,31472945920039	27583
5	dː	592,99293926446	0,00118108219177782	-0,664080939442702	969
5	ɖ	2751,52246064567	0,00548029152349815	-0,435999290834955	4461
5	e	1230,58432312888	0,00245099247105923	-0,596709660741433	2221
5	e̞	26640,9274406879	0,0530615508030674	2,08828162269159	36999
5	eː	9270,48723286873	0,0184643132402657	0,252829014609323	13829
5	e͡ʉ	3,16731733474818	6,30844290392455E-06	-0,726405035040309	4
5	ɛ	546,115447350294	0,00108771485596484	-0,669034263236735	1146
5	ɛ̝	11644,651022447	0,0231930079456575	0,503695720775713	19198
5	ɛː	4405,26007296657	0,00877409135559752	-0,261256625864852	7315
5	f	6257,29335878536	0,0124628427514802	-0,0655609909792674	11635
5	fː	832,198691608902	0,00165751561207329	-0,63880519416762	1201
5	ɡ	12855,6013068204	0,0256048947006261	0,63165113417455	20174
5	ɡː	865,836907251163	0,00172451387601137	-0,635250802344894	1509
5	h	4061,41342444907	0,00808924145878383	-0,29758928181664	6728
5	ɧ	3017,64149607338	0,00601032895366827	-0,407879745688583	5100
5	i	1039,49721877688	0,00207039843513617	-0,6169009351051	1939
5	ɪ	26481,576470913	0,0527441665979923	2,07144375620262	42677
5	iː	7762,1288326183	0,0154600696356724	0,0934478862936332	11708
5	ʝ	3703,52232633304	0,00737641880173001	-0,335405948613075	6250
5	ʝː	683,116655357061	0,00136058435628224	-0,654557990814275	1048
5	k	16694,1512952793	0,0332502522309217	1,03725263323152	27208
5	kː	4346,83308840089	0,00865772054167956	-0,267430330153313	7096
5	l	21980,9739657275	0,043780178801209	1,59588628573818	35720
5	ɭ	985,272563138316	0,00196239752839784	-0,622630599087327	1752
5	lː	5294,38103752099	0,0105449808013877	-0,167307400988132	7913
5	m	9573,34624758635	0,0190675268119923	0,284830700334849	15680
5	ɱ	397,415981515654	0,000791545577386223	-0,684746635469177	760
5	mː	2687,08720953822	0,0053519538611642	-0,442807860352057	4058
5	n	28916,0086970832	0,0575928997936794	2,3286787442205	41384
5	ɳ	4768,06684517757	0,00949670471124103	-0,222920542937902	6252
5	nː	6962,17352114851	0,0138667741509623	0,00892037603942828	10493
5	ɳː	6,46311145158235	1,28727769480824E-05	-0,726056783998017	5
5	ŋ	6204,69766677342	0,0123580863014681	-0,0711185300469163	9858
5	ŋː	2737,68676147855	0,0054527345378832	-0,437461244004656	4430
5	o	674,110257805649	0,00134264603854571	-0,655509654426561	1347
5	ɵ	4804,41974450817	0,00956910989379197	-0,219079303275037	8327
5	oː	4707,78485942431	0,0093766392346664	-0,229290256465449	7393
5	p	7778,54508331607	0,0154927663847753	0,0951825141900863	13339
5	pː	1188,80193543377	0,00236777321030738	-0,601124608868791	1942
5	r	36902,2967901123	0,0734994342910104	3,1725521943964	53784
5	rː	3278,61582325706	0,00653011951092206	-0,380303817632587	4797
5	s	35356,2169685623	0,0704200597767629	3,00918522114665	55599
5	ʂ	4936,5777576738	0,0098323330546685	-0,205114788441693	9033
5	sː	3752,38880172211	0,00747374765682324	-0,330242458302663	5863
5	ʂː	504,721536652873	0,00100526933674262	-0,673408162829337	860
5	t	30572,1833653796	0,0608915535847762	2,50367892141785	46317
5	ʈ	2231,04384604474	0,00444363833219903	-0,4909958147682	3645
5	tː	3560,98301197243	0,00709251888543698	-0,350467406651408	5248
5	ʈː	702,36100061664	0,00139891390790676	-0,652524531484808	1187
5	u	854,895699716575	0,0017027219379966	-0,636406908215826	1535
5	ʉ	2253,24149988571	0,00448785007894148	-0,488650293229984	4067
5	ʉ̞	167,293622193064	0,000333203829062988	-0,709062581383234	350
5	ʊ	5892,72986940324	0,0117367304884645	-0,104082697936169	9667
5	uː	4223,25120961788	0,00841157873021363	-0,280488645257031	6777
5	ʉː	2830,18166460423	0,00563695946819595	-0,427687743209903	4734
5	v	8026,67762510926	0,015986979564912	0,121401511264172	13771
5	vː	50,7842720576158	0,000101148589431855	-0,721373575693891	81
5	y	303,518638928835	0,000604527365462634	-0,694668325436791	508
5	ʏ	2346,03033109766	0,00467266043482235	-0,478845734438652	4136
5	yː	1359,15075465251	0,00270706216882213	-0,583124651425108	2441
5	ø	731,975047481077	0,00145789711168899	-0,649395354624412	1345
5	ø̞	2766,92024329983	0,00551095975861786	-0,434372279660043	4911
5	øː	3425,34141140097	0,00682235735687324	-0,364800015759453	5363
6	a	42376,0243227471	0,0937942130726947	3,9156905152036	64602
6	ɑ	1067,26555290237	0,00236226343254051	-0,554209133069164	1982
6	ɑː	7967,00871491918	0,0176340118003477	0,192391840949578	13251
6	a͡u	30,2422764377255	6,69376272393898E-05	-0,66642238073769	55
6	a͡uː	27,2100250993697	6,02261050363256E-05	-0,666750491762916	29
6	b	4680,3079063239	0,0103592964188459	-0,163252415276353	8568
6	bː	309,148890557595	0,000684263740536444	-0,636242713919295	483
6	ɔ	6564,46313835261	0,0145296465193878	0,0406264970836195	11206
6	ɕ	512,264487663806	0,00113383558919005	-0,614264170794283	927
6	d	18852,7165027291	0,0417282115752159	1,3703023582574	28856
6	dː	593,988443829395	0,00131472169826339	-0,605421061153654	1020
6	ɖ	1882,97577469122	0,00416773951414094	-0,465943522045089	3185
6	e	1211,74722192551	0,00268205616123639	-0,538575195357634	2150
6	e̞	34050,1770198826	0,0753659553865106	3,01477499416369	50426
6	eː	8857,75272360352	0,0196055661091581	0,288776638016531	13449
6	ɛ	334,390627429391	0,000740133277245371	-0,633511379593961	719
6	ɛ̝	8501,82337645965	0,0188177594765544	0,250262567127291	14403
6	ɛː	3060,27500142177	0,00677354919749553	-0,338551425158454	5623
6	f	4359,77276148698	0,00964983057931499	-0,197936583327694	7970
6	fː	795,12885766834	0,00175992171725179	-0,583656246817754	1253
6	ɡ	9782,11439513987	0,0216515290554691	0,388799103796679	16495
6	ɡː	887,985628690329	0,00196544896775895	-0,573608487928569	1475
6	h	3256,45738647885	0,00720777521844097	-0,317323104577587	5768
6	ɧ	2959,54135330654	0,00655058743064952	-0,349451517818904	5292
6	ɧː	4,78481692236836	1,059061450674E-05	-0,669177057777676	11
6	i	559,468604707837	0,00123831620252497	-0,609156351715338	1057
6	ɪ	23302,9312432897	0,0515782245546384	1,85184704504888	40417
6	iː	6280,04949898306	0,0139001312706558	0,00985093121234597	10688
6	ʝ	3580,34109685322	0,00792465270346076	-0,282276598069129	5700
6	ʝː	489,94726966526	0,00108443912188102	-0,616679051508514	848
6	k	15339,7188130542	0,0339526153720491	0,990171180146959	25638
6	kː	4202,20533858875	0,00930107411447838	-0,214986492091987	7303
6	l	17434,9117450705	0,0385900719394047	1,21688586315312	29923
6	ɭ	656,240446503701	0,00145250898945818	-0,598684954498683	1152
6	lː	5079,62757524191	0,0112431422894579	-0,120043204910342	8053
6	m	6880,67542269901	0,0152295442291942	0,0748429010780987	12036
6	ɱ	277,026185373831	0,000613164011323291	-0,639718617647182	543
6	mː	3604,71849031027	0,00797860912038778	-0,279638791810011	5581
6	n	27188,1515360895	0,0601776905451657	2,27225533949819	42549
6	ɳ	4167,845612397	0,00922502300937698	-0,218704457303069	6607
6	nː	6222,14177114664	0,0137719595072578	0,00358490579796699	10243
6	ɳː	50,6822391092376	0,000112179016554447	-0,664210632317333	81
6	ŋ	6786,94721538233	0,0150220881596718	0,0647008466229581	11449
6	ŋː	2486,25101818353	0,00550301642210765	-0,400664877055483	4195
6	o	453,941478175236	0,00100474464999887	-0,620575132618425	911
6	ɵ	3324,51985009531	0,00735842326333714	-0,309958264983281	5764
6	oː	3510,54293921953	0,0077701629094368	-0,289829252023105	5805
6	p	5816,18280430267	0,01287341835236	-0,0403427235268266	10415
6	pː	1396,17790537432	0,00309027120965128	-0,518618491945854	2174
6	r	29236,277788637	0,064710970700664	2,49387707514238	44788
6	rː	2874,041675661	0,00636134421798626	-0,35870318720855	4738
6	s	36136,7308021049	0,0799842902389459	3,240554860105	62472
6	ʂ	3681,76395107069	0,00814913994479472	-0,271301928437457	7841
6	sː	4409,20945949281	0,00975925274103203	-0,192587183209932	6997
6	ʂː	394,395293269177	0,000872946359715489	-0,627018450667523	666
6	t	28522,3202444635	0,0631307118846636	2,41662182297265	44709
6	ʈ	1556,5983501912	0,00344534249401181	-0,501259866046249	2620
6	tː	3470,30938167714	0,00768111078788658	-0,294182807299591	5488
6	ʈː	658,423952007206	0,00145734191523907	-0,598448683771293	1048
6	u	417,109639023393	0,000923221821359827	-0,62456059792343	807
6	ʉ	1565,80612749462	0,00346572279726406	-0,500263519466116	2820
6	ʉ̞	152,416967495985	0,000337356553704321	-0,653202215696377	332
6	ʊ	5318,07239983449	0,0117709111172645	-0,0942417896822262	9474
6	uː	3700,42147963987	0,00819043613144733	-0,269283051984313	6124
6	ʉː	2097,39974493426	0,00464234108128402	-0,44274133302482	3578
6	v	6699,76632847396	0,0148291237933058	0,0552672585091383	11992
6	vː	72,7811461265024	0,000161092278866749	-0,661819374394188	99
6	y	126,235024059016	0,000279405983290236	-0,656035287016966	248
6	ʏ	1968,39353493851	0,00435680141253442	-0,456700716696884	3626
6	yː	1115,66974717	0,00246940027190448	-0,548971457153088	2117
6	ø	476,033201745962	0,00105364201261964	-0,618184651994964	997
6	ø̞	2493,1909274332	0,00551837707326055	-0,399913929826907	4347
6	øː	2637,6750073101	0,00583817513809014	-0,384279731243961	4424
7	a	39813,9318537095	0,100887085151457	3,91389681046282	64509
7	ɑ	729,911750108024	0,0018495703754347	-0,513356221517474	1445
7	ɑː	5043,34360145991	0,0127796530430122	-0,0247510526654021	8783
7	a͡u	15,7882288608281	4,00068095591682E-05	-0,594248758064879	28
7	a͡uː	22,3535542219128	5,66431101683243E-05	-0,593505069044821	42
7	b	3647,78317643476	0,00924335263563619	-0,182833540255642	6918
7	bː	246,308541260992	0,000624137070084766	-0,568136506835313	390
7	ɔ	3751,15218521816	0,00950528602190587	-0,171124387606144	6603
7	ɕ	418,145399084975	0,00105956554700953	-0,548671639920635	758
7	d	16046,0209513571	0,0406600455340559	1,22158022359819	26016
7	dː	479,528118984535	0,00121510717279241	-0,54171849559039	797
7	ɖ	1364,65503018407	0,00345798723769396	-0,441455503428681	2490
7	e	818,57848137203	0,002074248714163	-0,503312473361993	1718
7	e̞	36337,5005361994	0,09207793202281	3,52010310525747	58860
7	eː	7750,844124745	0,0196403629282839	0,281941807204906	12779
7	e͡ʉ	8,62151700068273	2,18466169826824E-05	-0,595060569304564	11
7	ɛ	142,345333065206	0,000360698003669384	-0,579912967585234	285
7	ɛ̝	5727,13800454705	0,0145123637037885	0,0527059447543635	10458
7	ɛː	2188,96284324786	0,00554675387428599	-0,34808181118827	4372
7	f	3755,51347050119	0,00951633736346478	-0,170630361826774	6945
7	fː	705,131357678902	0,00178677774369289	-0,516163227225298	1174
7	ɡ	8693,84263443693	0,0220298875623881	0,388760220462293	15464
7	ɡː	671,842839117326	0,00170242582338953	-0,519933993240186	1242
7	h	2610,27338914483	0,0066143397905751	-0,300357744247783	4719
7	ɧ	2580,5936071919	0,00653913228029542	-0,303719729639544	4607
7	ɧː	2,32837960343874	5,90003097860712E-06	-0,595773426158817	2
7	i	421,803642355735	0,0010688354051516	-0,548257251416861	794
7	ɪ	20297,3341132791	0,0514327216552756	1,70314888097083	36534
7	iː	4672,35004969583	0,0118395685975727	-0,0667754483785054	8196
7	ʝ	2415,31225646374	0,00612031522484538	-0,322442019700837	3939
7	ʝː	405,631550883055	0,00102785590140712	-0,550089149487124	672
7	k	11952,9773879007	0,0302884189378101	0,757939598137808	20810
7	kː	2822,17597424359	0,0071512933932794	-0,276354421153685	5241
7	l	12690,4736715354	0,0321572082510416	0,841479690716336	22052
7	ɭ	519,98062583745	0,00131761238424592	-0,537136226848817	944
7	lː	3826,8716488644	0,00969715644567034	-0,162547244719636	6168
7	m	5092,34496061023	0,0129038207416786	-0,0192004103493258	9021
7	ɱ	153,618275290031	0,000389263237726704	-0,578636021981586	307
7	mː	2304,04043843758	0,00583835640145134	-0,335046365221704	3806
7	ɱː	2,70926996097583	6,8651935773529E-06	-0,595730280699732	9
7	n	27746,60548033	0,0703089099575359	2,54696712582894	45301
7	ɳ	5864,30974865177	0,0148599520173144	0,0682441114623904	10728
7	nː	4951,64320364668	0,0125472875013069	-0,0351384402262587	8577
7	ɳː	52,217236553874	0,000132316617457957	-0,590122252287491	90
7	ŋ	7728,58481006557	0,0195839586177594	0,279420377266454	14127
7	ŋː	1794,95272631648	0,00454834627255881	-0,392713414595275	3188
7	o	215,325493957701	0,000545627131829383	-0,571646119964922	416
7	ɵ	2352,10554449451	0,00596015166812825	-0,329601777230015	4298
7	oː	2251,5230746168	0,00570527927218952	-0,340995283925329	3951
7	p	4288,02902810201	0,0108657128183068	-0,110309516869793	7931
7	pː	1016,52507471264	0,00257583833086232	-0,48089001903886	1678
7	r	27069,7768216957	0,0685938502450844	2,47029917501101	42066
7	rː	2167,39343003005	0,00549209774949109	-0,350525092350583	3586
7	s	34669,2896741947	0,0878507451198925	3,33113606509078	68179
7	ʂ	3620,95833336139	0,00917537943878486	-0,185872131667533	8838
7	sː	3064,05351191679	0,00776420245810432	-0,248955677135208	5292
7	ʂː	317,286123082381	0,000803991734210129	-0,560096501905205	603
7	t	27042,6967448851	0,0685252302950344	2,46723167192796	44111
7	ʈ	1168,44993308275	0,00296081051043318	-0,463680689290556	2066
7	tː	2437,18399480716	0,0061757374307398	-0,319964492577504	3890
7	ʈː	709,811685702728	0,00179863752819274	-0,515633061792489	1155
7	u	259,775486188097	0,000658261828839641	-0,566611034977454	466
7	ʉ	1300,82743097497	0,00329625037482689	-0,448685592129216	2385
7	ʉ̞	106,110982071506	0,000268881448913098	-0,584017423571938	258
7	ʊ	5235,45138748529	0,0132664473299521	-0,00298999083262649	9705
7	uː	3363,37364327418	0,00852266900922906	-0,215050107657655	6142
7	ʉː	1557,16233005254	0,00394579387848163	-0,419649186556418	2783
7	v	5360,48170990493	0,0135832697134036	0,0111728530241346	10048
7	vː	54,8188381720782	0,000138908983289856	-0,589827555154963	72
7	y	40,8378760265003	0,000103481723212582	-0,591411252453371	90
7	ʏ	1215,8960750601	0,00308103734417984	-0,458306214623718	2295
7	yː	796,900887122046	0,00201931846248596	-0,505768008760217	1490
7	ø	338,997054010049	0,000859006459840973	-0,557637190285729	631
7	ø̞	1689,35483541692	0,0042807649783992	-0,404675044474099	3014
7	øː	1639,76567466699	0,00415510781141679	-0,410292270176613	2916
8	a	34396,2113728216	0,104265802357596	3,71729803172597	59765
8	ɑ	419,602917792249	0,00127194923943766	-0,501425841274925	755
8	ɑː	3987,40798029717	0,0120870955200977	-0,0584274057093249	6987
8	a͡u	12,7967173852294	3,87909002899259E-05	-0,551937152067272	38
8	a͡uː	13,2027291273326	4,00216503745254E-05	-0,551886739400823	23
8	b	2403,8633825175	0,00728687068524871	-0,255049072861798	4806
8	bː	206,99383866679	0,00062746383425022	-0,527824561998051	349
8	ɔ	2762,26821575462	0,00837330916247696	-0,210547543870827	5293
8	ɕ	269,39296382906	0,000816615330644297	-0,520076741042794	564
8	d	12426,5025845791	0,0376686620638589	0,989417317248215	21435
8	dː	301,855880687178	0,000915020705480261	-0,516045965501502	574
8	ɖ	814,53207022378	0,00246910448733266	-0,452389250535972	1497
8	e	595,640553539035	0,00180557502564201	-0,47956803349948	1123
8	e̞	35672,4134382184	0,108134374709264	3,87575834795173	61328
8	eː	5753,65858370469	0,0174411600806612	0,160880050953395	9935
8	e͡ʉ	2,70926996097583	8,21265467939545E-06	-0,553189665405167	4
8	ɛ	82,5905958221088	0,000250358234145184	-0,543271157592259	174
8	ɛ̝	4430,16356605958	0,0134292278234915	-0,00345242013851248	8308
8	ɛː	1791,42987453689	0,00543039090007297	-0,33109220895536	3638
8	f	2736,1208210123	0,00829404813390557	-0,213794149209974	5416
8	fː	509,355205622288	0,00154401682858567	-0,490281700157185	965
8	ɡ	6621,60662860363	0,0200721852922809	0,268649287026091	12919
8	ɡː	345,178739444378	0,00104634600115842	-0,510666759430138	721
8	h	1876,51491022581	0,00568831057089287	-0,320527579711359	3388
8	ɧ	1693,74572250983	0,0051342793202735	-0,343221214259578	3102
8	i	199,128879782221	0,00060362265477494	-0,528801118850405	374
8	ɪ	15242,5694935879	0,0462050520917586	1,33907578044438	29023
8	iː	3114,20381884099	0,00944013735574125	-0,166849270322879	5556
8	ʝ	1801,01869984287	0,00545945766423945	-0,329901607301111	3014
8	ʝː	185,842779402431	0,000563348279748947	-0,530450794653847	363
8	k	9329,65420542484	0,0282811345384445	0,604895471711625	16739
8	kː	2056,15143507466	0,00623284572893924	-0,298222913933848	3985
8	l	9055,97438414035	0,0274515243861514	0,570913869423696	16645
8	ɭ	306,459907560911	0,000928976968013438	-0,515474304027112	615
8	lː	2445,13225720012	0,0074119697051535	-0,249924900828386	4283
8	m	3709,00940047564	0,0112431813172898	-0,092994915190359	6818
8	ɱ	100,029225718627	0,000303220240325735	-0,541105880726728	229
8	mː	1617,76115706094	0,00490394605486095	-0,352655878718897	2690
8	ɱː	2,80617997398389	8,5064195988294E-06	-0,55317763252125	7
8	n	25927,7920089643	0,0785953431868845	2,66581218421492	44750
8	ɳ	7136,7840637578	0,0216338511411924	0,332616570499748	14347
8	nː	2915,58117650432	0,00883804926687742	-0,191511357595459	5325
8	ɳː	37,2823007022343	0,000113014452502382	-0,548896886438037	55
8	ŋ	7737,2632653394	0,0234540936403831	0,407175393706183	14377
8	ŋː	1182,34545398795	0,00358406325881922	-0,406719503805691	2185
8	o	148,747627721934	0,00045090113516023	-0,535056734124652	286
8	ɵ	1711,72802224414	0,00518878936179261	-0,340988432336068	3178
8	oː	1666,44990445412	0,0050515370571871	-0,346610414197445	3097
8	p	3254,289935562	0,00986478270986934	-0,149455402254229	6097
8	pː	682,266258886783	0,00206816495378777	-0,468812106178194	1243
8	r	23885,9025439929	0,0724057300029455	2,41227987997373	38003
8	rː	1240,71106350672	0,00376098789277392	-0,399472506490906	2137
8	s	32543,8046228234	0,0986505712500852	3,48729295075773	69966
8	ʂ	3650,46566185001	0,0110657167176381	-0,100264030001555	9605
8	sː	2318,96579004806	0,00702951921414894	-0,265590428117582	4106
8	ʂː	163,531967967896	0,000495717149382395	-0,533221028561963	282
8	t	23686,6405398066	0,0718017038059708	2,38753840599303	41105
8	ʈ	745,991607629169	0,0022613366535754	-0,460899613958417	1399
8	tː	1802,14520837836	0,0054628724681271	-0,329761733762581	3073
8	ʈː	303,329908295365	0,000919488949659803	-0,515862942070297	527
8	u	191,764178242859	0,000581297913634044	-0,529715560980282	379
8	ʉ	922,264007343267	0,00279567408366259	-0,439012656588635	1799
8	ʉ̞	103,010963494818	0,000312258831183451	-0,540735651651154	214
8	ʊ	4201,3556180826	0,0127356385202096	-0,0318624821298504	8199
8	uː	2974,11070070906	0,00901547077812089	-0,184244007725481	5343
8	ʉː	1107,89128533145	0,00335836911042323	-0,415964145723713	2082
8	v	4128,80739676999	0,0125157219014056	-0,0408704710702527	7884
8	vː	23,3358545273106	7,07383603856074E-05	-0,550628554432491	42
8	y	32,4384691781014	9,83312661806521E-05	-0,549498323385892	63
8	ʏ	815,854635089166	0,00247311360000395	-0,452225033557736	1607
8	yː	527,516134446326	0,00159906835140814	-0,488026738656621	1147
8	ø	240,600946601094	0,000729337614350818	-0,523651717356049	439
8	ø̞	1216,28255246792	0,00368693734469888	-0,402505685710005	2307
8	øː	1370,92024764098	0,00415569313838751	-0,383305013072067	2415
9	a	27591,2829358984	0,104998428542469	3,5076705767482	52775
9	ɑ	340,919405247128	0,00129736634188938	-0,484767164036882	734
9	ɑː	3219,05163692909	0,012250077825662	-0,0630933859306845	6231
9	a͡u	14,1870633306375	5,39887673512748E-05	-0,532636563339949	26
9	b	1904,81734894727	0,00724876870584641	-0,255641223528176	3771
9	bː	106,127685362641	0,000403868142478749	-0,519166386734821	207
9	ɔ	1881,91664953095	0,00716162025911333	-0,258996394057818	3793
9	ɕ	191,651809456318	0,000729329580903693	-0,506636288176865	385
9	d	9185,09760526252	0,0349538227998441	0,810989158342213	16370
9	dː	142,596317358178	0,000542649258946621	-0,513823384885689	300
9	ɖ	518,322975364429	0,00197247435058241	-0,458775851741556	973
9	e	557,864004497876	0,00212294745223591	-0,452982714455725	994
9	e̞	30886,8024370411	0,117539504274791	3,99049556427748	56906
9	eː	4310,31113863841	0,01640285800184	0,0967865222662858	7737
9	ɛ	52,2447749432083	0,000198817114859657	-0,52706074619538	112
9	ɛ̝	3305,81228544914	0,012580244848888	-0,0503821247698265	6361
9	ɛː	1444,92655052248	0,00549865758386889	-0,323019604671814	3044
9	f	1634,72682564499	0,00622094116419719	-0,295212057049259	3453
9	fː	441,962414021324	0,00168188478422284	-0,469963401099231	894
9	ɡ	5032,25707674888	0,0191502180709722	0,202558476716606	9991
9	ɡː	278,921833733402	0,0010614350299053	-0,493850398617221	566
9	h	1543,87295964223	0,00587519743131386	-0,30852301354779	2859
9	ɧ	1349,09454625879	0,00513396958167852	-0,337059905828422	2569
9	i	92,1242001960088	0,000350577980508746	-0,521218030655787	147
9	ɪ	10547,7648609997	0,0401394432297129	1,01063288690451	20633
9	iː	2292,69719538642	0,00872484266855498	-0,198813132553472	4380
9	ʝ	1282,35890975109	0,00488000759747613	-0,346837312047205	2295
9	ʝː	101,264661130971	0,000385361938781167	-0,519878866091474	202
9	k	7180,81157752226	0,0273265267530718	0,517342170056065	13439
9	kː	1370,82170351838	0,00521665212218421	-0,333876670399451	2735
9	l	6058,20688685808	0,0230544626860261	0,352869893201896	11673
9	ɭ	243,727959901469	0,000927504996450168	-0,499006636256877	484
9	lː	2068,56256979333	0,00787189996473419	-0,231650989458687	3722
9	m	2966,42289208707	0,0112887009562104	-0,100105902632708	5326
9	ɱ	124,366135205555	0,000473274432030621	-0,516494280162578	264
9	mː	1218,78796228552	0,00463808881463636	-0,356151061186497	2130
9	ɱː	3,73045926004577	1,41962358530594E-05	-0,534168555406218	9
9	n	23476,5758108592	0,0893399402059405	2,90482680184568	41794
9	ɳ	7107,74153554178	0,0270484592344534	0,506636713118013	15239
9	nː	2280,95663345651	0,00868016404466821	-0,200533236672241	4333
9	ɳː	16,2628948227448	6,18883291475352E-05	-0,532332434259863	22
9	ŋ	6030,68627558635	0,0229497331979928	0,348837861593688	11870
9	ŋː	738,769091425621	0,00281138045793853	-0,426478396605509	1442
9	o	138,533287796898	0,000527187429206875	-0,514418657405417	251
9	ɵ	1137,56954938445	0,00432901272915175	-0,368050332054872	2245
9	oː	1275,95959921223	0,00485565506729853	-0,347774871976694	2547
9	p	2205,77468993918	0,00839405969995803	-0,211548107295399	4346
9	pː	534,818294666147	0,00203524716941111	-0,456359130392044	1002
9	r	19342,9196966816	0,0736093416276874	2,29920681959822	31436
9	rː	934,99793470895	0,00355812790811413	-0,397729002533251	1732
9	s	28136,6061865639	0,107073652246295	3,58756562565041	65886
9	ʂ	3194,04506915421	0,0121549155120537	-0,0667570862273661	8981
9	sː	1734,16082193603	0,00659933652111165	-0,280644029761737	3130
9	ʂː	109,599159936435	0,000417078813973087	-0,518657782653668	230
9	t	18704,0279034653	0,0711780435089215	2,20560308823348	34049
9	ʈ	473,217932919682	0,00180082743633625	-0,465384169959167	877
9	tː	1206,97502142981	0,0045931347532686	-0,357881769507103	2162
9	ʈː	263,360564137067	0,00100221673050484	-0,496130272790682	459
9	u	108,25880777969	0,000411978113491753	-0,518854157007739	219
9	ʉ	495,961638514566	0,0018873784442123	-0,462052000519292	1003
9	ʉ̞	38,0667398636066	0,000144862704452692	-0,529137963340697	71
9	ʊ	3198,56651244129	0,0121721218319261	-0,0660946517317	6367
9	uː	2191,24751191147	0,00833877662857602	-0,213676477207225	4030
9	ʉː	564,539634396348	0,0021483515137469	-0,452004671108883	1207
9	v	2675,38488039368	0,0101811578983205	-0,142745742669367	5338
9	vː	9,75299367310259	3,71149471968932E-05	-0,533286196766898	18
9	y	32,3206144167404	0,000122995865439423	-0,529979825434447	77
9	ʏ	575,454124151911	0,00218988652592228	-0,450405594429686	1114
9	yː	379,775821890003	0,00144523415563954	-0,479074328999941	820
9	ø	126,251843257186	0,000480450480443125	-0,516218005976915	252
9	ø̞	813,355809564957	0,00309521967675865	-0,415550732168084	1693
9	øː	1039,14486471608	0,00395445830034983	-0,382470485578802	1852
10	a	21567,5358186569	0,107761528244561	3,50681515712783	43323
10	ɑ	140,180018855279	0,000700405145409749	-0,484594599287044	297
10	ɑː	2635,51383051117	0,0131682636567078	-0,0197729099282725	4992
10	a͡u	2,70926996097583	1,35367838902247E-05	-0,510202149443254	9
10	a͡uː	2,40823996531185	1,20326967913109E-05	-0,510258224213883	8
10	b	1215,90589783684	0,00607523635774506	-0,284212302529984	2526
10	bː	75,8409122006814	0,000378936781231041	-0,496579453620893	120
10	ɔ	1462,84014362631	0,00730903570904474	-0,238214291060637	2989
10	ɕ	118,276439815514	0,000590964587564063	-0,488674718173226	242
10	d	6828,70907161131	0,0341194344908783	0,761320219445837	12657
10	dː	89,3774548072409	0,00044657169931791	-0,494057915791739	178
10	ɖ	400,274012960393	0,00199995677373038	-0,436145237856004	784
10	e	364,707384151284	0,00182224920865652	-0,442770459864629	690
10	e̞	24547,6986124796	0,122651819828179	4,06194902255226	47501
10	eː	3185,71753154144	0,0159173394977014	0,0827170305397025	6006
10	ɛ	32,8317230965958	0,000164042692940883	-0,504591048640337	71
10	ɛ̝	2279,20207292945	0,0113879629375455	-0,0861453657191171	4590
10	ɛː	942,304722221937	0,00470819651315301	-0,335177732512063	2103
10	f	1214,92987074812	0,00607035966846667	-0,284394113299396	2580
10	fː	289,708585074158	0,0014475200197027	-0,456740962858685	573
10	ɡ	3514,6677775062	0,0175609292670493	0,143992683652766	7209
10	ɡː	209,436261747804	0,0010464418293094	-0,471693798732996	454
10	h	909,032513900809	0,00454195294935864	-0,341375558233128	1772
10	ɧ	987,355700594157	0,00493329233861599	-0,326785800428097	2014
10	i	88,932970845421	0,000444350848896766	-0,494140712644433	195
10	ɪ	7756,0620797939	0,0387529252254805	0,934064158505968	15708
10	iː	1835,41414007515	0,00917059020368388	-0,168812564673746	3531
10	ʝ	846,773039935091	0,0042308754058386	-0,352973026167941	1670
10	ʝː	55,9085650363346	0,000279345422719278	-0,500292378616555	121
10	k	5186,31190997467	0,02591324767331	0,455380461124127	9809
10	kː	1104,0148826895	0,00551617634780724	-0,30505495309718	2238
10	l	4330,88972580388	0,0216391570847689	0,296035533842684	8604
10	ɭ	101,092847581044	0,000505107298373147	-0,491875615117102	193
10	lː	1491,10429430438	0,00745025666711861	-0,232949348067799	2713
10	m	2163,65777800682	0,0108106494277642	-0,107668535930185	4154
10	ɱ	26,6185577887888	0,00013299880390159	-0,505748414432901	48
10	mː	707,946041813958	0,00353723058684185	-0,378833213487909	1476
10	ɱː	2,40823996531185	1,20326967913109E-05	-0,510258224213883	8
10	n	18969,9168863113	0,0947826052790359	3,02294016821725	35476
10	ɳ	5709,93704369519	0,0285295245215986	0,552919442926795	13226
10	nː	1660,04688983782	0,00829437314075574	-0,201479337004068	3239
10	ɳː	12,7358676744303	6,36343704564479E-05	-0,508334431358435	26
10	ŋ	4487,45644363427	0,0224214378667506	0,325200211505984	8955
10	ŋː	511,759903664064	0,00255699259186687	-0,415378052393888	1049
10	o	98,1288828668993	0,000490297939995593	-0,49242773166327	223
10	ɵ	810,987832314935	0,00405207571846953	-0,359638964240979	1613
10	oː	891,335093917078	0,00445352833564904	-0,344672169137731	1762
10	p	1568,49791089192	0,00783695148798142	-0,218532747194693	3225
10	pː	325,590883831736	0,00162680481994861	-0,450056939002371	609
10	r	14658,2138559405	0,0732393139268761	2,21977183970399	25067
10	rː	626,74093188714	0,00313149175693752	-0,39395980545105	1202
10	s	22906,377942745	0,114451011669234	3,75620978921931	57885
10	ʂ	2633,84060892189	0,0131599034565871	-0,0200845915486517	7662
10	sː	1325,49632207012	0,00662280153605963	-0,26379819765483	2364
10	ʂː	105,47028361219	0,000526979022638514	-0,491060202284737	222
10	t	13974,0307929503	0,0698208143316142	2,0923247119152	26554
10	ʈ	351,384056426963	0,00175567961215983	-0,445252280802481	639
10	tː	832,096304638427	0,00415754355010378	-0,355706954936509	1653
10	ʈː	203,035931895248	0,00101446277838861	-0,472886028854923	401
10	u	82,8593681856269	0,000414004280328489	-0,495272081215496	147
10	ʉ	403,412527012041	0,00201563826249508	-0,435560606895309	813
10	ʉ̞	32,7438389563747	0,000163603582541887	-0,504607419377724	75
10	ʊ	2339,29280347549	0,0116882044213859	-0,0749518834055512	4669
10	uː	1522,92719289927	0,00760925879951759	-0,227021494481205	2875
10	ʉː	513,243688526508	0,00256440627721821	-0,415101658356672	969
10	v	1698,33250251643	0,00848566602496447	-0,194347632588298	3568
10	vː	6,36823480364027	3,18186889976945E-05	-0,509520570805748	15
10	y	11,4144908522824	5,70321518748321E-05	-0,508580572617726	28
10	ʏ	374,623694257666	0,00187179574659185	-0,440923285753364	799
10	yː	303,98377001564	0,0015188455414592	-0,454081833427018	660
10	ø	135,808305509594	0,000678562014365978	-0,485408946118414	272
10	ø̞	569,777518918155	0,00284687581902153	-0,404570742442408	1258
10	øː	769,164615720057	0,00384310730528306	-0,367429640623129	1558
11	a	16159,9412194252	0,109271398148549	3,43309955279676	33993
11	ɑ	113,673681269472	0,000768646489263002	-0,472236457861681	213
11	ɑː	1800,96622326278	0,0121778968476492	-0,0615836808783032	3508
11	a͡uː	8,89912170878083	6,01746911210094E-05	-0,497736460244183	23
11	b	703,801379129962	0,004759012404325	-0,328611347295538	1471
11	bː	30,9369851839686	0,000209191826854517	-0,492372891325556	73
11	ɔ	934,417681123006	0,00631840952170661	-0,272484017579968	1851
11	ɕ	101,472778244908	0,000686145586935065	-0,475205910155249	184
11	d	4566,86972534073	0,0308805727245095	0,611581123521608	8637
11	dː	78,6675426048276	0,000531939581500889	-0,480756241892207	174
11	ɖ	228,584368596108	0,00154565745086839	-0,444269527598358	482
11	e	101,330805466181	0,000685185585668978	-0,475240463449588	238
11	e̞	18878,2809034965	0,127652453740762	4,09468828875432	38228
11	eː	2090,29313143668	0,014134287365961	0,00883261940194657	4100
11	ɛ	25,8528072014496	0,000174813283700034	-0,493610277110912	46
11	ɛ̝	1630,63505436708	0,0110261398752206	-0,103038832117942	3348
11	ɛː	571,902319370949	0,00386712830161421	-0,360712902789612	1238
11	f	709,451827307939	0,0047972199920996	-0,327236142831737	1537
11	fː	282,204420420376	0,00190822919244085	-0,431219494699134	587
11	ɡ	2325,92562900856	0,0157276033384203	0,0661807893648797	4940
11	ɡː	138,251268803513	0,000934836905211713	-0,46625477162695	293
11	h	682,645659834257	0,00461596021156696	-0,333760220215701	1339
11	ɧ	732,911803935052	0,0049558532700162	-0,321526460420347	1536
11	i	44,6016873285101	0,000301590746401492	-0,489047180020226	102
11	ɪ	5778,51825435602	0,0390735807950452	0,906471796469256	11992
11	iː	1379,11169279956	0,0093253719694272	-0,164254516021738	2682
11	ʝ	642,256037353158	0,00434285089394788	-0,343590234999965	1345
11	ʝː	60,3111478091499	0,00040781605301433	-0,485223816015034	117
11	k	3644,14710962631	0,0246412436976687	0,387009156836538	7384
11	kː	707,83654536535	0,00478629766794792	-0,327629269689603	1428
11	l	3698,34869365612	0,0250077476835672	0,400200722877863	7319
11	ɭ	55,7266488266122	0,000376816273570188	-0,486339590068082	125
11	lː	1199,57274912226	0,00811135323437453	-0,207950652858001	2349
11	m	1545,65335831194	0,0104515048181439	-0,12372165303326	3098
11	ɱ	31,1384326981364	0,000210553988463138	-0,492323863087091	74
11	mː	529,117558942732	0,00357782337606026	-0,3711258455634	1117
11	ɱː	2,40823996531185	1,62842020595046E-05	-0,499316209189128	8
11	n	14921,4991972768	0,100897215999705	3,13168788714253	29280
11	ɳ	4571,81443905634	0,030914008228625	0,612784566533515	10886
11	nː	1248,55051197431	0,00844253442818967	-0,196030458923008	2418
11	ɳː	24,1596339374598	0,000163364268672585	-0,494022361136335	48
11	ŋ	3539,87866699617	0,0239361941956773	0,361632333048047	7249
11	ŋː	371,437467826469	0,00251161132847229	-0,409501981106196	755
11	o	48,7842168779342	0,000329872461381608	-0,488029237173008	95
11	ɵ	655,536561891151	0,00443265205502315	-0,340358024730796	1292
11	oː	595,26577676541	0,00402510892916798	-0,355026711201498	1252
11	p	956,818135627625	0,00646987845031511	-0,267032201360153	2023
11	pː	195,926720901646	0,00132483073031529	-0,452217736567285	389
11	r	10164,0328839171	0,0687278542027365	1,97381709451873	17839
11	rː	361,745091618546	0,0024460727547089	-0,41186090885956	744
11	s	17446,2355251317	0,117969151148176	3,74615749355683	46183
11	ʂ	1989,10617956008	0,0134500744993538	-0,0157942320470141	6036
11	sː	889,977324286557	0,00601790967088402	-0,283299898934757	1700
11	ʂː	55,4820509747731	0,000375162335050754	-0,486399120223406	133
11	t	10796,856221853	0,0730069224232425	2,12783345777264	21048
11	ʈ	248,71643662914	0,00168178784835689	-0,439369790630152	477
11	tː	619,554062814424	0,00418934312650635	-0,349115435079569	1235
11	ʈː	193,960940179824	0,00131153837949481	-0,45269616771794	406
11	u	83,4138994540592	0,000564033822561868	-0,47960107491779	123
11	ʉ	248,294331671733	0,0016789336301246	-0,439472522414133	558
11	ʉ̞	32,8010943190335	0,000221796687771039	-0,49191920497665	65
11	ʊ	1463,06068476761	0,00989302401722571	-0,143823034332197	3185
11	uː	1255,01031944193	0,0084862147970829	-0,194458272826444	2643
11	ʉː	312,241166327946	0,00211133371965333	-0,423909160058576	605
11	v	1009,86698884068	0,00682858782196798	-0,254121186615794	2145
11	vː	1,65321251377534	1,11788056877186E-05	-0,499499967554648	2
11	y	10,123445077525	6,84534047915645E-05	-0,497438484772362	22
11	ʏ	240,996193922215	0,00162958458207163	-0,44124874109528	497
11	yː	146,124113749384	0,000988072047775716	-0,46433868087249	334
11	ø	65,6029965346236	0,000443598838432389	-0,483935887383569	126
11	ø̞	409,57860672873	0,00276951669571572	-0,400219201613188	942
11	øː	497,346541014011	0,00336299192942723	-0,37885826683316	977
12	a	11510,4721129351	0,10756942359998	3,2453439330554	25394
12	ɑ	46,0868455186064	0,000430697834053802	-0,48201656982033	108
12	ɑː	1378,3443300435	0,0128811141411361	-0,0488660945312401	2544
12	a͡uː	5,63354924703771	5,26475056261984E-05	-0,495168955684605	14
12	b	380,197934023799	0,00355308385403966	-0,373388636807074	851
12	bː	63,5944609760875	0,000594312678422781	-0,476324402919657	98
12	ɔ	534,575006903843	0,00499579207519915	-0,323196760785768	1245
12	ɕ	29,8658659921613	0,000279107056476056	-0,487290418962217	66
12	d	3563,06596273363	0,0332981087221655	0,661441953699809	6906
12	dː	19,0950114115832	0,000178449619705067	-0,490792295164857	40
12	ɖ	175,160139976815	0,00163693331690748	-0,440051589708667	376
12	e	66,760731988799	0,000623902598319807	-0,475294968437223	149
12	e̞	14472,8652438167	0,135254032748842	4,20849257927383	30271
12	eː	1630,08622604396	0,0152337309915174	0,0329815386548191	3278
12	ɛ	12,6006321294544	0,000117757353639527	-0,492903781499471	25
12	ɛ̝	1037,0653359342	0,00969174151393825	-0,159824494256309	2251
12	ɛː	329,486654738234	0,00307916905460795	-0,38987615140557	799
12	f	421,884991431549	0,00394266411564263	-0,359835124112034	976
12	fː	213,237688411771	0,00199278144347091	-0,427671619324543	457
12	ɡ	1561,91457407385	0,0145966428481003	0,0108172169714406	3302
12	ɡː	87,4712310934758	0,000817449520574581	-0,468561463364167	198
12	h	404,710292782893	0,0037821604963286	-0,365419051370108	844
12	ɧ	597,766409343978	0,00558633802937604	-0,302651643705124	1203
12	i	15,203831024711	0,000142085165907468	-0,49205741594938	33
12	ɪ	4473,37545319279	0,0418052721317568	0,957406504871512	9623
12	iː	1001,25615709206	0,00935709210166015	-0,1714669605328	1917
12	ʝ	448,825475207077	0,00419443244302353	-0,351076094054079	978
12	ʝː	23,0589773319394	0,000215494279996934	-0,48950350996952	40
12	k	2401,7208086771	0,022444928453208	0,283859383290261	4863
12	kː	511,771580838263	0,00478268601196281	-0,330610729146433	1080
12	l	2405,06142568658	0,0224761476979664	0,284945502049001	4931
12	ɭ	45,2181199459002	0,000422579287029344	-0,482299014392107	97
12	lː	870,043590012094	0,00813086436127021	-0,214127472074123	1715
12	m	1132,34226955108	0,0105821380789953	-0,128847562574849	2230
12	ɱ	11,4254609861707	0,000106774964622459	-0,493285859247333	27
12	mː	360,41649417434	0,00336821931836238	-0,379820081308023	727
12	n	11601,1018126579	0,108416390124426	3,2748099319079	23711
12	ɳ	3416,36330969164	0,0319271206624679	0,613745224929715	8542
12	nː	827,121649317011	0,00772974367959339	-0,228082476439541	1710
12	ɳː	10,6895074155815	9,9897218809091E-05	-0,493525136295947	26
12	ŋ	2881,41521339151	0,0269278419352083	0,439820120466874	6010
12	ŋː	195,758265620789	0,00182943006951872	-0,433354620079006	457
12	o	26,1809292784011	0,00024467002258097	-0,488488484732172	63
12	ɵ	330,527669618902	0,00308889770601111	-0,389537691238837	706
12	oː	489,713243016788	0,00457654306128721	-0,337782450545969	967
12	p	657,410948446166	0,00614373729407682	-0,283259701261112	1374
12	pː	181,705298796838	0,00169810013567324	-0,43792359366686	348
12	r	6954,28997873569	0,0649902938141923	1,76401432533629	12424
12	rː	263,480248684166	0,00246231589832748	-0,411336497086901	508
12	s	12590,7279183339	0,117664795291702	3,59656231311889	34725
12	ʂ	1606,14493301578	0,0150099911599961	0,0251976210753357	4854
12	sː	502,293427075549	0,00469410932049059	-0,33369231574277	1001
12	ʂː	42,1233423164175	0,000393657498026488	-0,483305204574332	83
12	t	7609,07998772842	0,0711095375042249	1,97690305510829	15310
12	ʈ	111,202080634839	0,00103922268345238	-0,460845966264505	237
12	tː	534,535695873984	0,00499542469975341	-0,323209541792042	1045
12	ʈː	100,296287300784	0,000937304196414258	-0,464391714455768	184
12	u	26,7103676537948	0,000249617811022142	-0,488316350976796	48
12	ʉ	195,04302996532	0,00182274593993289	-0,433587161211413	398
12	ʉ̞	10,7072361825419	0,000100062900392293	-0,493519372227121	24
12	ʊ	1016,40062284985	0,00949862247819999	-0,166543113140548	2193
12	uː	779,514764279156	0,0072848405398553	-0,24356067425093	1622
12	ʉː	274,221116150457	0,00256269309493389	-0,40784437045066	511
12	v	702,439507515888	0,00656454506782786	-0,268619782184517	1381
12	y	10,4220004540612	9,7397271858402E-05	-0,493612109549145	24
12	ʏ	162,462290708713	0,00151826743480224	-0,444179980436071	352
12	yː	103,226528196853	0,000964688331583225	-0,463439019311183	243
12	ø	25,8463762485935	0,000241543506463565	-0,488597256351437	63
12	ø̞	199,627710339654	0,00186559139582892	-0,432096566107795	440
12	øː	324,611053141956	0,00303360483723537	-0,391461332328386	651
13	a	7864,16853353864	0,103645770286701	3,01361283933801	18170
13	ɑ	39,6757056314589	0,000522905766109082	-0,464142238894466	89
13	ɑː	865,462174744842	0,0114063544509351	-0,0971046366294665	1724
13	a͡u	4,8164799306237	6,3478773420348E-05	-0,479636131197868	16
13	b	182,297354192941	0,00240258707782971	-0,400751144614014	436
13	bː	7,2789364233011	9,59327065847475E-05	-0,478541642294793	15
13	ɔ	311,844908530211	0,00410995842939494	-0,343171097590117	702
13	ɕ	17,4371060567974	0,000229812253020783	-0,474026637066283	51
13	d	2344,4015509729	0,0308980286441783	0,56024006790275	4706
13	dː	23,424947378156	0,00030872897809604	-0,471365219128914	43
13	ɖ	105,751644497849	0,00139375327554595	-0,43477344311489	240
13	e	31,9625706910144	0,000421250542315459	-0,467570498693306	66
13	e̞	10648,4021902537	0,140340563992825	4,25112215164658	22433
13	eː	956,999865837438	0,0126127749978876	-0,0564188468858139	2037
13	ɛ	11,0291984883677	0,000145359266920163	-0,476874761996178	21
13	ɛ̝	707,92553975731	0,00933010114939119	-0,167125000170663	1587
13	ɛː	238,79816494297	0,00314723923362154	-0,375638209394835	594
13	f	260,707043036272	0,00343598718407726	-0,365900362645765	557
13	fː	159,817473281651	0,00210631359855884	-0,410742785186354	373
13	ɡ	1053,28367618271	0,0138817470000535	-0,0136235478492349	2252
13	ɡː	69,3794119192814	0,000914385616196422	-0,450939822117195	175
13	h	340,383357647309	0,0044860807783648	-0,330486603077211	698
13	ɧ	436,643649080256	0,00575474281314202	-0,287701757499863	866
13	i	15,4283114551549	0,000203337354505184	-0,474919486709147	38
13	ɪ	3022,35283995514	0,0398330843037508	0,861569315677509	6472
13	iː	696,13402481759	0,00917469493657133	-0,172365978961698	1383
13	ʝ	242,872624863267	0,00320093855798629	-0,373827232761522	518
13	ʝː	5,61235994796778	7,39680701720163E-05	-0,479282386126735	13
13	k	1595,90686455982	0,0210332466271177	0,227556371469566	3140
13	kː	299,217057087256	0,00394352972376773	-0,348783803160793	684
13	l	1593,71373121718	0,0210043422370769	0,226581588721677	3347
13	ɭ	35,4993100574149	0,00046786298130002	-0,46599852290364	82
13	lː	429,878965247797	0,00566558769603446	-0,290708458901271	921
13	m	828,645560344983	0,0109211300635701	-0,113468530176122	1650
13	ɱ	0,602059991327962	7,93484667754349E-06	-0,481509315910034	2
13	mː	272,41094686411	0,00359023872668147	-0,360698324396432	570
13	n	8600,01556263178	0,113343862566677	3,34067502707542	18104
13	ɳ	2791,92923701332	0,0367962175685976	0,759152855863346	7066
13	nː	574,229416575804	0,00756805375526476	-0,226548963047353	1269
13	ɳː	12,174113452748	0,000160448668029751	-0,47636588123942	18
13	ŋ	2394,23670732655	0,0315548308408255	0,582390317368793	5300
13	ŋː	141,907746855826	0,00187027244772233	-0,41870312758772	320
13	o	15,8007203222315	0,000208245515326654	-0,474753962009062	22
13	ɵ	195,13717196323	0,0025718093926195	-0,395044226295304	410
13	oː	256,697136591295	0,00338313864192119	-0,367682647173207	584
13	p	345,676986629481	0,00455584813534975	-0,328133741942318	734
13	pː	81,6117521441709	0,00107560168368159	-0,445502909556671	165
13	r	5192,74827129856	0,0684378001550149	1,82624573613581	9422
13	rː	80,8394595785558	0,0010654232576333	-0,44584617070484	188
13	s	9433,25928075405	0,124325594027927	3,71102715542929	26369
13	ʂ	1181,00689060794	0,0155650744727724	0,0431456341725386	3707
13	sː	322,972629013165	0,0042566161664554	-0,338225155754665	596
13	ʂː	18,12433171185	0,000238869540142103	-0,47372118563776	39
13	t	5403,63539256867	0,0712171859266153	1,91997880907251	11080
13	ʈ	70,3383559986883	0,000927024014947431	-0,450513599905066	144
13	tː	350,718753119112	0,00462229607186013	-0,325892826218038	712
13	ʈː	66,5724570639557	0,000877391368565602	-0,452187430328639	137
13	u	25,308010505191	0,000333546799263996	-0,470528253398775	66
13	ʉ	75,9463174259059	0,00100093411483698	-0,448021027317808	162
13	ʉ̞	5,37672291386578	7,08624930466766E-05	-0,47938711980213	10
13	ʊ	741,391638533637	0,00977116743266964	-0,152250311481207	1704
13	uː	688,058638702143	0,00906826542520868	-0,175955248667655	1351
13	ʉː	162,057998086562	0,00213584258414214	-0,40974693833857	348
13	v	388,961862872281	0,00512632094767779	-0,308894897780156	816
13	y	0,903089986991944	1,19022700163152E-05	-0,481375517002022	2
13	ʏ	64,0436170504916	0,000844062534117369	-0,453311424738537	139
13	yː	58,9354171715141	0,00077673903908072	-0,455581868134738	140
13	ø	16,6613319721755	0,000219587942309971	-0,474371445646429	28
13	ø̞	118,852966830281	0,00156642208841895	-0,428950293771501	290
13	øː	279,144925961119	0,00367898917088005	-0,357705270339585	554
14	a	5789,59981654318	0,109954168083556	2,98453959620847	13875
14	ɑ	21,6577616689012	0,00041131705857311	-0,472545343237261	43
14	ɑː	532,744358296504	0,0101177049491955	-0,166219489207444	1108
14	b	116,148978211543	0,00220586304367934	-0,415910904383386	270
14	bː	7,0649130111967	0,000134174495188623	-0,48129174131793	14
14	ɔ	197,522165347295	0,00375127574565109	-0,367138913082957	418
14	ɕ	6,80548454632224	0,000129247515442811	-0,481447232865911	17
14	d	1493,04857927268	0,0283554856370509	0,409350311605206	3092
14	dː	10,3853560479048	0,00019723525298519	-0,479301594138003	16
14	ɖ	86,6375784173606	0,00164539228297519	-0,433598914214243	207
14	e	4,75848798364601	9,03716326096255E-05	-0,482674124696759	14
14	e̞	7610,8566315147	0,144542876163947	4,07613161395078	16428
14	eː	626,365697290327	0,011895730507114	-0,110106421848735	1305
14	ɛ̝	466,69657736987	0,00886334730174598	-0,205806015312074	1085
14	ɛː	99,1258720676102	0,00188256583254813	-0,426113906305544	219
14	f	93,4200486015016	0,00177420271725043	-0,429533759727121	233
14	fː	106,239276156267	0,00201766125426891	-0,42185040263142	258
14	ɡ	718,583537675376	0,0136471012828673	-0,0548345581388787	1497
14	ɡː	39,5023026963742	0,000750214689788005	-0,461850004509774	104
14	h	211,63923834949	0,00401938253487957	-0,358677676822148	444
14	ɧ	262,959085266824	0,00499403212255004	-0,327918513816576	575
14	i	2,40823996531185	4,57364982593113E-05	-0,484082773908357	8
14	ɪ	2307,89733295697	0,0438308241171419	0,897739641367551	5006
14	iː	464,461118814289	0,00882089221097066	-0,207145864088593	942
14	ʝ	137,908991143092	0,00261912202447094	-0,402868780819709	321
14	ʝː	12,6226321088713	0,00023972486122269	-0,47796065601793	33
14	k	1025,87468606325	0,0194830733104819	0,129344060683922	2153
14	kː	164,969384697438	0,00313304408395074	-0,386649810843554	360
14	l	877,056365306127	0,0166567649000656	0,0401480232569723	1978
14	ɭ	18,6668003394421	0,000354513708571085	-0,474338011621958	46
14	lː	262,901131942267	0,00499293149214531	-0,327953248833608	592
14	m	471,153342077956	0,00894798870553032	-0,203134800170799	1023
14	mː	190,88324424979	0,00362519154823166	-0,371118029711037	414
14	n	6446,86502643307	0,122436731931442	3,37847934746027	13540
14	ɳ	2097,02195260547	0,0398259485211466	0,771348964315411	5492
14	nː	417,90748644943	0,00793676099635379	-0,235048339493846	948
14	ŋ	1717,63223219012	0,0326207042193686	0,543957205495632	3596
14	ŋː	86,9941959782181	0,00165216504594165	-0,433385171221152	197
14	o	19,6344151920918	0,000372890330361832	-0,473758060106763	34
14	ɵ	107,722259183527	0,00204582557826562	-0,42096155904731	235
14	oː	208,642138743534	0,00396246260875707	-0,360474024256155	439
14	p	257,427041140835	0,00488896936710077	-0,331234210515738	584
14	pː	28,6359569607579	0,000543844639468816	-0,468362878569884	68
14	r	3446,47230316297	0,0654542640122517	1,58015814427236	6424
14	rː	82,2703534380583	0,00156245138815534	-0,436216462649973	182
14	s	6713,75925055755	0,127505498911857	3,53844558738913	19263
14	ʂ	906,775436089027	0,0172211796796179	0,0579605031744958	2837
14	sː	199,338960773428	0,00378577972450773	-0,366049995051884	433
14	ʂː	18,5394425165341	0,000352094970849909	-0,474414345053762	40
14	t	3602,80749324626	0,068423330322962	1,67385950708089	7491
14	ʈ	19,649392523548	0,000373174774895575	-0,473749083264327	41
14	tː	149,499688483403	0,00283924872129731	-0,395921757976613	316
14	ʈː	29,7095995827595	0,00056423490564644	-0,467719378045164	66
14	u	6,95220873100541	0,00013203405271236	-0,481359291973944	18
14	ʉ	56,2351295120949	0,00106799901176336	-0,451820984968897	111
14	ʉ̞	16,7612598513085	0,000318324312799105	-0,475480120065552	41
14	ʊ	396,958314114556	0,00753890123244781	-0,247604476064521	908
14	uː	501,174918895132	0,00951814857980296	-0,18514100964973	1032
14	ʉː	120,39818194035	0,00228656251787849	-0,413364093393306	260
14	v	276,859310571969	0,00525802061191576	-0,319587247812141	594
14	ʏ	45,7324010839647	0,000868534661287388	-0,458115920654198	110
14	yː	59,8847398320413	0,00113731120591747	-0,449633547447525	149
14	ø	10,7475307774011	0,000204113555863544	-0,479084520389536	20
14	ø̞	47,7069668447364	0,000906034962246281	-0,456932441089291	97
14	øː	119,383766785909	0,00226729708020883	-0,413972095228172	283
15	a	4000,01580148862	0,112779848682031	3,00431627265196	9984
15	ɑ	11,1534960604239	0,000314471157214457	-0,464863402455588	15
15	ɑː	349,226474820645	0,00984638834960954	-0,170835728193183	704
15	a͡u	2,40823996531185	6,78999664893358E-05	-0,472469296661935	8
15	b	45,6077498939802	0,00128590370314457	-0,434897966707728	90
15	ɔ	123,155698917801	0,00347235655496921	-0,367453229837866	289
15	ɕ	10,0874474242535	0,000284414074982373	-0,465790562627611	28
15	d	826,918835657515	0,0233148531870972	0,244621237296507	1733
15	dː	1,68124123737559	4,74023458303954E-05	-0,473101579507937	4
15	ɖ	33,7017637534611	0,00095021620040061	-0,445252800233717	78
15	e	5,33251925137373	0,000150349584629175	-0,469926002487619	13
15	e̞	5130,08237615373	0,144641907137881	3,98715390708511	11380
15	eː	410,593743671931	0,0115766293382831	-0,117463597115601	900
15	ɛ̝	220,392416360293	0,00621393129460411	-0,282884844670342	514
15	ɛː	55,2384401787746	0,00155743957873247	-0,426521995707727	138
15	f	59,30498865266	0,00167209530618541	-0,422985251084017	139
15	fː	64,443581691237	0,00181697717018044	-0,418516131529847	135
15	ɡ	504,993105533891	0,0142382052606857	-0,0353629071346568	1070
15	ɡː	25,9334030276694	0,000731188428851264	-0,452009072342219	57
15	h	166,288798117469	0,0046884878510294	-0,329939658395639	369
15	ɧ	230,400630731263	0,0064961114054715	-0,274180534713932	483
15	i	7,34891579513041	0,00020720158431458	-0,46817230898533	15
15	ɪ	1565,70131267315	0,0441447148930815	0,88715260522577	3492
15	iː	286,097609730994	0,00806647941784243	-0,225739948723331	586
15	ʝ	74,3309286454453	0,00209574944226681	-0,409916941969556	169
15	k	586,859949870188	0,0165464287214248	0,0358380445878885	1210
15	kː	91,097432207208	0,00256847850846665	-0,39533483586378	220
15	l	556,30182954165	0,015684847078328	0,009261140740145	1257
15	ɭ	8,72496494950235	0,00024599908490229	-0,466975536223382	20
15	lː	194,094311723815	0,0054724601583095	-0,305756742247395	429
15	m	306,45942831188	0,00864057785455077	-0,208030937541645	638
15	mː	72,8476446554014	0,0020539284714878	-0,411206978645846	192
15	n	4381,41908281785	0,123533457290061	3,33602902939618	9448
15	ɳ	1540,86214547134	0,0434443782800698	0,865549569722177	4124
15	nː	243,259953742539	0,0068586780990394	-0,262996568306855	521
15	ɳː	4,61168083214229	0,000130025652954989	-0,470552927611014	8
15	ŋ	1384,80764400638	0,0390444448961021	0,729826382698511	3072
15	ŋː	53,8340311799007	0,00151784247656059	-0,427743433496592	111
15	o	6,02059991327962	0,000169749916223339	-0,469327567328835	20
15	ɵ	72,175626752489	0,00203498102698674	-0,411791443756842	181
15	oː	101,710115979945	0,00286770154392418	-0,38610480884765	270
15	p	131,153382784036	0,00369785005824614	-0,36049751159236	264
15	pː	36,8033892128808	0,00103766606743651	-0,442555265152355	66
15	r	2202,63328879365	0,0621029169234045	1,44110290403061	4217
15	rː	35,5354963608013	0,00100191801765397	-0,443657972585164	91
15	s	4754,81905973168	0,134061413924268	3,6607811796101	13930
15	ʂ	671,315733738255	0,0189276469459674	0,10929063994112	2118
15	sː	181,740845484314	0,00512415602094309	-0,316500756633874	365
15	ʂː	2,58433122436753	7,28648332638964E-05	-0,472316147174662	7
15	t	2550,84869640291	0,0719207983838501	1,74395161680604	5435
15	ʈ	4,61235994796778	0,000130044800524358	-0,470552336972722	13
15	tː	115,32244499283	0,00325149912935168	-0,374265940637506	256
15	ʈː	30,5043542052003	0,000860065715271741	-0,44803364032507	72
15	u	0,602059991327962	1,69749916223339E-05	-0,474040161328485	2
15	ʉ	30,301793694927	0,000854354551908567	-0,448209810558939	65
15	ʉ̞	1,50514997831991	4,24374790558349E-05	-0,47325472899521	4
15	ʊ	229,943874575558	0,00648323323381382	-0,274577783114734	559
15	uː	326,788482456557	0,00921375250286896	-0,190350422133304	737
15	ʉː	78,4321734875267	0,002211383428644	-0,406350021339223	168
15	v	126,818825117811	0,00357563785160473	-0,364267348253752	278
15	ʏ	15,7922284848522	0,000445259525777591	-0,460829019964322	29
15	yː	34,8955079807489	0,000983873640770835	-0,444214581089138	86
15	ø	4,6915411940154	0,000132277303942065	-0,470483471730353	15
15	ø̞	9,59809171311685	0,000270616763723466	-0,466216163402214	24
15	øː	74,7000559267851	0,00210615693088683	-0,409595905853516	163
16	a	2918,58145605236	0,125432906645225	3,08206651878115	7470
16	ɑ	2,60205999132796	0,000111829651799056	-0,478355027221357	6
16	ɑː	163,199431962147	0,00701387966109742	-0,282265046555282	380
16	b	42,198567324065	0,00181358274059655	-0,430007546424901	80
16	ɔ	48,1928878990591	0,00207120277430353	-0,422688459000042	116
16	d	519,298976690436	0,0223180956382407	0,152533804659147	1156
16	dː	4,04672922226649	0,000173917711874186	-0,476591080787569	8
16	ɖ	11,4633931392194	0,00049266629803579	-0,467535306921317	25
16	e	4,42527330461063	0,000190186534676206	-0,476128877073541	10
16	e̞	3460,70266086773	0,148731841246824	3,74399849977415	7814
16	eː	230,002460420963	0,00988489702294509	-0,200698303599459	523
16	ɛ̝	127,524991386324	0,00548068662134573	-0,325823669445183	304
16	ɛː	32,9653886212201	0,00141676515653668	-0,441281291512437	63
16	f	23,1342935378305	0,000994250708890229	-0,453285094695334	62
16	fː	24,9844155862179	0,00107376405798535	-0,451026088883183	47
16	ɡ	291,731307005065	0,012537839477179	-0,125327155337984	622
16	ɡː	18,9797175503741	0,0008156980284761	-0,45835784722583	46
16	h	127,955650188616	0,00549919519688397	-0,325297833466806	282
16	ɧ	136,877106157324	0,00588261576283797	-0,314404702981862	277
16	ɪ	764,839955543473	0,0328707970590565	0,452340241122939	1746
16	iː	180,740097348196	0,00776773103615528	-0,260847829734041	364
16	ʝ	55,41140474663	0,00238143552384037	-0,413874623432826	123
16	k	367,893400061349	0,015811084665667	-0,0323329601552125	768
16	kː	61,5968057200418	0,00264726768735677	-0,406322226140119	147
16	l	348,234117865446	0,0149661807472662	-0,0563370158778919	772
16	lː	69,548620753869	0,00298901565218734	-0,396613030795835	174
16	m	170,971498620762	0,00734790251648458	-0,272775324636916	377
16	ɱ	3,85539799665407	0,000165694802175781	-0,476824696916343	8
16	mː	68,4013327379435	0,00293970824968249	-0,398013873674522	151
16	n	2901,37158530436	0,124693271948228	3,06105320342718	6317
16	ɳ	1055,4349403015	0,0453598004134555	0,807157784172239	2887
16	nː	160,372928104331	0,00689240400593124	-0,285716218140658	348
16	ɳː	2,80617997398389	0,000120602188428387	-0,47810579597329	8
16	ŋ	1058,72459715417	0,0455011811585569	0,811174467264385	2407
16	ŋː	35,7101397021102	0,00153472729371799	-0,43792994036777	82
16	o	3,78845120702346	0,000162817606339249	-0,476906439192218	9
16	ɵ	21,1035938443375	0,000906976610526386	-0,455764586474988	40
16	oː	56,6489246545179	0,00243462085425347	-0,412363607082847	132
16	p	84,1389610147452	0,00361606986171417	-0,378798171781912	187
16	pː	7,75299367310259	0,000333203148948485	-0,472065718288861	20
16	r	1396,3406985792	0,0600110276609223	1,22340496636009	2668
16	rː	8,75384107723858	0,00037621692152926	-0,470843679934694	19
16	s	3361,81327859352	0,144481837317935	3,62325420103336	10081
16	ʂ	448,12901720783	0,0192593991385375	0,0656350228939927	1438
16	sː	80,5600230400272	0,00346225657960038	-0,383168068185914	185
16	t	1610,25393201956	0,0692044522900896	1,484593809582	3515
16	ʈ	6,59463118100734	0,000283419794767635	-0,473480083143602	17
16	tː	52,3500383015898	0,00224986609626409	-0,417612563099291	127
16	ʈː	5,16866244873506	0,000222135432632323	-0,475221196199876	16
16	ʉ	4,83960372947084	0,000207993359767208	-0,475622978103942	11
16	ʊ	151,940296264249	0,00652999180730061	-0,296012492570268	359
16	uː	245,991184085401	0,0105720500501868	-0,181176013316871	507
16	ʉː	27,9860066459496	0,00120276449770298	-0,447361135181592	65
16	v	97,8096789734032	0,00420360113856978	-0,362106174974569	184
16	ʏ	6,92368990027157	0,000297561867632751	-0,473078301239535	23
16	yː	9,57690241404691	0,000411589919466009	-0,469838719021317	27
16	ø	1,80617997398389	7,76248350346306E-05	-0,479326799643896	4
16	ø̞	17,1313128245368	0,000736258485359101	-0,460614756180844	29
16	øː	65,8867663402535	0,0028316388409769	-0,401084168476085	162
17	a	1925,45355104702	0,131235785092888	2,86614114648257	5079
17	ɑ	1,50514997831991	0,000102588576587549	-0,489478664935792	5
17	ɑː	83,9153174263873	0,00571953166971094	-0,345744461670553	195
17	b	15,1536987862225	0,00103285148384371	-0,465673795350169	38
17	ɔ	13,5906629027962	0,000926317498031243	-0,468399936120612	39
17	d	279,513511487283	0,0190511867212566	-0,00459540865862866	607
17	ɖ	2,40823996531185	0,000164141722540079	-0,487903556866282	8
17	e	4,08948120268744	0,000278732393188843	-0,48497125036535	12
17	e̞	2196,20871341174	0,149690016970652	3,33837386663773	5104
17	eː	207,043222588771	0,0141117295973323	-0,130993152502475	453
17	ɛ̝	57,4746344193854	0,00391737768322335	-0,391860500789089	143
17	ɛː	25,3062288371151	0,00172483143380589	-0,447966443658267	59
17	f	9,84796918633345	0,000671221576358596	-0,474927687684042	26
17	fː	20,0825605669189	0,00136879469319938	-0,457077210207937	34
17	ɡ	130,759585457311	0,0089123608547084	-0,264041878706975	296
17	h	67,0747802565509	0,00457170802282647	-0,375116580034352	150
17	ɧ	92,4355880623076	0,00630025947044175	-0,330883985719816	202
17	ɪ	470,534552770292	0,0320708704775356	0,328570486108078	1037
17	iː	140,65074143649	0,00958652597268695	-0,246790397875614	288
17	ʝ	20,0058533437393	0,00136356645352006	-0,457210997724088	42
17	k	169,979731090938	0,0115855422466394	-0,195636770949508	339
17	kː	30,4808459330639	0,00207752492608601	-0,438941228827129	70
17	l	127,508096832017	0,00869074467382	-0,269712903793499	298
17	lː	31,6557363414152	0,00215760354707078	-0,436892064967891	75
17	m	78,4842255456122	0,00534935727287983	-0,355217002359607	186
17	mː	20,8878682124084	0,0014236831536557	-0,455672647441082	51
17	n	2040,0521987489	0,139046642692419	3,06601630549233	4496
17	ɳ	772,115256647102	0,0526261211719069	0,854567017048505	2157
17	nː	119,578206684799	0,00815025624780491	-0,283543678291192	292
17	ŋ	538,643697592892	0,0367130791082962	0,447361819377997	1235
17	ŋː	4,09061070782841	0,000278809378423756	-0,484969280359385	6
17	ɵ	16,693791521572	0,00113782170196688	-0,462987670456544	36
17	oː	42,0687484345997	0,00286733752974084	-0,418730398232432	92
17	p	40,0104690340846	0,00272704855059603	-0,422320309027319	87
17	pː	2,40823996531185	0,000164141722540079	-0,487903556866282	8
17	r	910,267255019891	0,0620423368779391	1,09552232669676	1813
17	rː	4,38367177382111	0,000298783944444732	-0,484458143200792	9
17	s	2307,68731689453	0,157288217426418	3,53280725694503	6991
17	ʂ	339,757764854387	0,0231573371312043	0,100478516406342	1097
17	sː	17,8978368953289	0,0012198874780156	-0,460887656491627	46
17	t	937,706573995155	0,0639125562691961	1,1433801186802	2042
17	tː	49,1535289823465	0,0033502246587961	-0,406373606359862	105
17	ʈː	5,77072244006302	0,000393323063837608	-0,482038943864419	16
17	ʉ	9,00579826110167	0,000613820574659491	-0,476396544873631	15
17	ʊ	69,2278689139927	0,00471845904685419	-0,371361309388508	177
17	uː	142,399730749931	0,00970573424210672	-0,243739929792956	295
17	ʉː	30,7588551557177	0,0020964735829249	-0,438456344068902	62
17	v	25,3833227674085	0,00173008603081367	-0,447831981673898	54
17	yː	5,39051119835142	0,00036740848346249	-0,482702082425985	16
17	ø	2,52633927738984	0,000172191179734752	-0,487697576086806	6
17	ø̞	1,88081359228079	0,000128193198045273	-0,488823458036929	2
17	øː	14,8016223099825	0,0010088545233629	-0,466287863169321	41
18	a	1218,10263057013	0,138005953877326	2,80446273875706	3267
18	ɑː	19,1026523056464	0,00216425093162612	-0,446834300703513	52
18	b	11,3039435514829	0,00128068971632356	-0,467981856286232	22
18	ɔ	13,1901097661507	0,00149438449137267	-0,462867188445657	25
18	d	150,176099531293	0,0170143264986563	-0,0914058447885361	320
18	ɖ	6,20881958688098	0,000703433395541297	-0,481798171350535	10
18	e̞	1221,87473371527	0,13843331745048	2,81469145269423	2906
18	eː	100,735260804865	0,0114128854232502	-0,225473280563105	212
18	ɛ̝	18,5571398686526	0,00210244664491832	-0,448313552583029	48
18	ɛː	4,8164799306237	0,0005456871124608	-0,485573742563527	16
18	f	11,3103671842324	0,00128141748715559	-0,467964437488468	30
18	fː	6,86763245307108	0,000778074148909233	-0,480011685645587	16
18	ɡ	80,3437002355273	0,00910260655446428	-0,28076854470901	162
18	h	34,2898499764459	0,0038848971634639	-0,40565157199634	78
18	ɧ	61,7736009105239	0,00699869165712574	-0,331124599798574	154
18	ɪ	207,725741663337	0,0235344612216346	0,0646500221654957	490
18	iː	42,4475130968057	0,004809126413185	-0,383530649199883	92
18	ʝ	5,34475370779074	0,000605538330820121	-0,484141236309262	11
18	k	93,2289157607061	0,0105624477984118	-0,245828041081591	184
18	kː	21,9020246202046	0,00248140815371303	-0,439243315646245	46
18	l	63,338600957707	0,00717599964325863	-0,326880829896653	149
18	lː	13,8154966875184	0,00156523822443239	-0,46117134300544	20
18	m	37,907721962132	0,00429478698872187	-0,395841082680707	84
18	mː	25,5168857445432	0,00289095686092246	-0,429440990804976	50
18	n	1269,58119624923	0,143838260928051	2,94405582568138	2839
18	ɳ	504,101641887094	0,0571126161243021	0,868324838206569	1446
18	nː	57,1854683972763	0,00647887535584253	-0,343566119337688	141
18	ŋ	325,91332598832	0,0369246221997715	0,385136218981798	739
18	ŋː	4,99257118967938	0,000565637518580574	-0,485096240478772	16
18	ɵ	8,44512425290831	0,0009567973985818	-0,475734042183068	20
18	oː	16,5975023273265	0,00188042787461328	-0,453627450708158	44
18	p	25,7895610333411	0,00292184983527859	-0,428701584320176	58
18	r	545,636199620551	0,061818308497855	0,9809530175578	1107
18	rː	2,40823996531185	0,0002728435562304	-0,492104104207789	8
18	s	1524,54530613972	0,172724632492203	3,63543536753554	4665
18	ʂ	223,274570259459	0,0252960787308903	0,106813376042136	730
18	sː	19,0204187865284	0,00215493421646455	-0,447057291197341	39
18	t	639,144047017076	0,0724123580886788	1,23451581398647	1434
18	ʈ	9,03855391208808	0,00102403050695779	-0,474124854419101	13
18	tː	5,71273049308534	0,000647228567738436	-0,483143403236445	14
18	ʈː	3,73045926004577	0,000422645494445863	-0,488518676554397	8
18	ʊ	33,026655407586	0,00374178248081473	-0,409076943836581	86
18	uː	95,7449835148342	0,0108475077939443	-0,239005285628401	215
18	ʉː	15,7490253948915	0,00178429897261033	-0,45592824352591	43
18	v	20,7215367906419	0,00234766380010045	-0,442444413773813	54
18	yː	0,602059991327962	6,82108890576E-05	-0,497001875440985	2
18	ø̞	1,07918124604762	0,000122266739706174	-0,495708078150697	3
18	øː	4,5288138965177	0,000513095749107185	-0,486353799062274	12
19	a	745,071171413373	0,149231908991624	2,65418649436325	2069
19	ɑː	19,4253748135969	0,00389075014244852	-0,435827889993147	40
19	ɔ	5,14300230239134	0,00103010300355368	-0,496646455620011	3
19	d	48,7390805271837	0,00976205536951681	-0,311001462639456	108
19	ɖ	2,40823996531185	0,000482351567369955	-0,508291882354333	8
19	e̞	742,216789739799	0,148660198741004	2,64203169312122	1767
19	eː	43,270444728054	0,00866673053184264	-0,334288531015374	103
19	ɛ̝	13,8793199331975	0,00277991887031074	-0,459444631710892	32
19	f	10,4008111549912	0,00208320085821651	-0,474257150726551	28
19	fː	3,10720996964787	0,000622349774356112	-0,505315461381798	9
19	ɡ	28,7698833265168	0,00576238187036279	-0,396036209458423	73
19	h	15,7047122969744	0,00314553063675234	-0,451671571234837	48
19	ɧ	35,7275885561233	0,00715595563009577	-0,366408243111291	67
19	ɪ	103,884505940393	0,0208072513485229	-0,0761759340458531	227
19	iː	28,6760481530681	0,00574358742145432	-0,396435787375189	46
19	ʝ	11,6864809609513	0,00234071043158029	-0,468782388504314	24
19	k	58,1264287122691	0,011642267547599	-0,27102735811243	129
19	kː	7,5666024574071	0,0015155310963885	-0,486326049471421	15
19	l	38,3210650000673	0,00767540861056793	-0,355364453489926	87
19	lː	5,11750992628768	0,00102499708066116	-0,496755009695871	17
19	m	18,5811641252576	0,00372166136617361	-0,439422788747635	31
19	mː	9,99409722201169	0,0020017392489626	-0,475989058923517	27
19	n	663,527034706703	0,132899258293669	2,30694744665674	1557
19	ɳ	289,885773815942	0,0580618457348229	0,715872467443022	819
19	nː	14,5114816567486	0,00290653590290644	-0,456752700153973	35
19	ŋ	175,89980088962	0,0352313498161652	0,230486487661131	404
19	ŋː	2,58433122436753	0,000517621264754393	-0,507542033700912	8
19	ɵ	11,9571560652583	0,00239492453096037	-0,4676297738682	22
19	oː	6,02059991327962	0,00120587891842489	-0,492909385476384	17
19	r	282,082790853543	0,0564989694781844	0,682645058550586	559
19	rː	2,93651374247889	0,000588160659523267	-0,506042336394068	8
19	s	991,925532457079	0,198674900419649	3,70536536157422	3066
19	ʂ	123,47345074468	0,0247307632765578	0,00723958562399443	406
19	sː	7,17405748062177	0,00143690741787518	-0,487997622062976	15
19	t	315,312861954986	0,0631546919603582	0,824148527843435	710
19	tː	7,49856857213527	0,00150190444303675	-0,486615757873369	14
19	ʊ	11,84247487579	0,00237195478862379	-0,468118120285601	36
19	uː	65,6869908541557	0,0131565888161876	-0,238832248760567	167
19	ʉː	6,11067050175738	0,00122391935050473	-0,492525838275659	13
19	v	7,79875116366327	0,00156202866055922	-0,485337491630939	23
19	øː	10,6604582200487	0,00213520612787295	-0,473151496742689	14
20	a	396,722998351191	0,147490834954669	2,27483859530738	1114
20	ɑː	11,8990745822568	0,00442375272575288	-0,461926834916125	18
20	b	1,07918124604762	0,000401210274444647	-0,538875039568347	3
20	d	40,034290408294	0,0148836617581469	-0,26183666045283	98
20	e̞	366,391022470746	0,136214230202677	2,05912564740391	877
20	eː	18,4139822579502	0,00684581844096005	-0,415594543687159	57
20	ɛ̝	2,40823996531185	0,000895318206232704	-0,529423127322362	8
20	ɡ	8,30759638899199	0,00308853868560994	-0,487468472937129	20
20	ɡː	2,40823996531185	0,000895318206232704	-0,529423127322362	8
20	h	10,5872023706867	0,00393603427070376	-0,471256521288877	29
20	ɧ	7,2448172401525	0,00269342626539177	-0,495026675675722	12
20	ɪ	33,6516102618932	0,0125107546467525	-0,307228584649653	81
20	iː	9,26487703408147	0,00344442962769545	-0,480660547507638	21
20	ʝ	3,96454246607914	0,00147390920356382	-0,518355117721099	10
20	k	9,08738147841784	0,00337844160125289	-0,481922848707629	7
20	kː	3,85539799665407	0,00143333225442528	-0,519131324168705	8
20	l	18,0515006314296	0,00671105761798421	-0,418172416639643	47
20	m	15,3885649133993	0,00572105044896389	-0,437110507454363	32
20	mː	7,1520631869156	0,00265894282779376	-0,495686317841224	16
20	n	429,351126646671	0,159621086806235	2,5068811686937	999
20	ɳ	167,424603166923	0,0622439198525721	0,644129373801614	478
20	nː	18,9428878304073	0,00704245116661015	-0,411833107879384	36
20	ŋ	82,9391508072714	0,0308345234681022	0,0432912993124555	185
20	ɵ	3,98802356192866	0,00148263883720465	-0,518188126410488	9
20	p	4,63354924703771	0,00172262775309083	-0,513597319368074	8
20	r	160,510469547486	0,0596734327752986	0,594957893805522	319
20	s	572,447844810166	0,212820559811135	3,52454698222414	1799
20	ʂ	72,2703227582026	0,0268681429873014	-0,0325825691823266	236
20	sː	6,68262876086223	0,00248441985901496	-0,499024810667754	11
20	t	151,537593574415	0,0563375612107232	0,531145185561512	341
20	tː	5,14300230239134	0,0019120285612532	-0,509974224689972	3
20	ʈː	2,40823996531185	0,000895318206232704	-0,529423127322362	8
20	ʊ	3,61235994796777	0,00134297730934906	-0,520859746152867	12
20	uː	37,7446218954221	0,0140324251972809	-0,278120174147424	69
20	v	4,26557246174312	0,00158582397934291	-0,516214272428725	10
21	a	227,590475113608	0,165792707898017	1,98944026247622	625
21	ɑː	2,52633927738984	0,00184036098021458	-0,603503363081003	6
21	bː	2,40823996531185	0,00175432923947266	-0,604863974612012	8
21	d	15,2306974566727	0,0110950977770784	-0,457137597449916	31
21	e̞	197,095353761369	0,143577943663518	1,63810871768303	468
21	eː	10,5872023706867	0,00771245347251135	-0,510634885850745	29
21	ɛ̝	5,97597192785992	0,0043533129747537	-0,563760456205518	11
21	ɡ	2,28780172993023	0,00166659366456158	-0,606251532667612	2
21	ɪ	25,1654133384079	0,0183322347768061	-0,342680631120934	59
21	iː	3,96454246607914	0,00288804806396154	-0,586933953759023	11
21	k	7,88466579236986	0,00574373814165697	-0,541770566209349	15
21	l	3,10720996964787	0,00226350753307441	-0,596811204185196	9
21	n	213,366826179633	0,155431214202917	1,82557088498306	498
21	ɳ	91,7931398744603	0,0668684979837201	0,424931401623134	260
21	nː	4,16411482098434	0,00303343042728233	-0,584634698644182	9
21	ŋ	28,8351303312695	0,0210055114908786	-0,300402152371375	65
21	ɵ	1,07918124604762	0,00078615056717852	-0,620175940338152	3
21	r	84,1591360594572	0,0613073594344844	0,33698073166834	171
21	s	322,041664053631	0,234597513418709	3,07760389804787	1013
21	ʂ	39,3277194623337	0,0286490421088979	-0,179517978613978	128
21	t	68,8959187887574	0,0501885719664152	0,161134581056605	157
21	tː	2,40823996531185	0,00175432923947266	-0,604863974612012	8
21	ʊ	2,58433122436753	0,00188260634184893	-0,60283524308627	8
21	uː	7,54584723581648	0,00549691917461082	-0,545674064264121	13
21	v	2,7160033436348	0,0019785254579591	-0,601318260466853	3
22	a	100,266231888615	0,149879042786914	1,39242840287389	291
22	ɑː	2,40823996531185	0,00359986302470309	-0,766983750224307	8
22	d	4,28905355759264	0,00641132342928692	-0,725480224052764	10
22	e̞	84,8048829890288	0,126767252011344	1,05124600110107	195
22	fː	2,40823996531185	0,00359986302470309	-0,766983750224307	8
22	ɡ	5,11067050175738	0,00763948528208017	-0,707349772164774	14
22	ɧ	2,40823996531185	0,00359986302470309	-0,766983750224307	8
22	ɪ	14,5572391473093	0,0217603177851809	-0,498894287463341	34
22	k	6,02059991327962	0,00899965756175771	-0,687270547248299	20
22	n	106,690152884868	0,159481589045227	1,53418374443785	235
22	ɳ	47,0512400191924	0,0703327000843903	0,218144137364774	136
22	nː	9,19187374106395	0,0137401118180972	-0,617290700840998	14
22	ŋ	19,7468734164563	0,0295178389567952	-0,384375696894734	41
22	r	43,1315633605175	0,0644735252199252	0,131649439828044	80
22	s	163,167206793816	0,24390409720033	2,78045126112417	515
22	ʂ	22,001518622193	0,0328881068814472	-0,334622905502812	70
22	t	35,125113050081	0,0525053971069401	-0,0450272501768358	90
22	uː	0,602059991327962	0,000899965756175771	-0,80684035171231	2
23	a	59,0932872498877	0,192565491884745	1,62584536416933	165
23	d	1,07918124604762	0,00351669499446145	-0,815512682607118	3
23	e̞	36,8620294455738	0,120121170481514	0,69030633979945	90
23	ɪ	5,47642582705801	0,0178458617253477	-0,630467196587162	10
23	iː	4,99257118967938	0,016269139383713	-0,650828837812077	16
23	l	2,40823996531185	0,00784765808569329	-0,759583040276693	8
23	n	39,4164339678864	0,128445130548784	0,797801162435469	94
23	ɳ	16,582479453742	0,054036819768976	-0,163100632537358	45
23	ŋ	12,1489991819974	0,0395895728984538	-0,34967099416513	26
23	ɵ	0,602059991327962	0,00196191452142332	-0,835590968643635	2
23	r	12,7224872420472	0,041458380939315	-0,325537386210539	26
23	s	84,7415855484366	0,276144818872957	2,70518078361267	264
23	ʂ	6,79875116366327	0,022154882947983	-0,574820909445135	22
23	t	21,5409403133352	0,0701948048609399	0,0455620385446151	40
23	uː	2,40823996531185	0,00784765808569329	-0,759583040276693	8
24	a	21,9729906520934	0,170110066455386	0,854074959250306	60
24	d	1	0,00774178031333113	-0,896846496120637	2
24	e̞	14,0457898638097	0,108739419452828	0,192275878161506	35
24	m	0,602059991327962	0,00466101618830713	-0,930068353255486	2
24	n	20,9376474494772	0,162094666831831	0,767639759940651	52
24	ɳ	6,92368990027157	0,053601686165532	-0,402309693363117	21
24	ŋ	5,47642582705801	0,0423972856553359	-0,523133936286442	10
24	r	9,35287461393635	0,072407900559227	-0,199510211650182	13
24	s	42,2854225038825	0,327364451481447	2,54984993622087	135
24	ʂ	3,01029995663981	0,0233050809415357	-0,72901743520125	10
24	t	3,56205482965638	0,0275766459552398	-0,682954407696217	7
25	a	9,84381322656229	0,204847929941551	0,951181533351487	28
25	e̞	4,92675390518974	0,102524836217562	-0,267733437354658	12
25	n	5,66157797063796	0,117816388913028	-0,0855741434212335	15
25	ɳ	4,21441993929574	0,0877012983281296	-0,444317545542376	14
25	r	2,80617997398389	0,0583960854887921	-0,793413349329864	7
25	s	14,9265610465908	0,310618970633205	2,21116987297301	48
25	ʂ	2,10720996964787	0,0438506491640648	-0,966684596771697	7
25	t	3,56773196254807	0,0742438413136681	-0,604628333904669	4
26	a	4,21441993929574	0,237795499074958	0,847273476584097	14
26	n	2,42160392686983	0,136637193883464	-0,0555096801867275	5
26	ɳ	1,20411998265592	0,0679415711642736	-0,668580955129197	4
26	r	1,7160033436348	0,0968242076944337	-0,410819046868649	3
26	s	6,5646679576299	0,370406489085387	2,03075483244006	19
26	ʂ	0,602059991327962	0,0339707855821368	-0,971751841471856	2
26	t	1	0,0564242535153474	-0,771366785367724	2
27	a	1,20411998265592	0,307692307692308	-1	4
27	s	2,70926996097583	0,692307692307692	1	9
28	s	0,602059991327962	1	0	2
